"tick", "Number of grass tile", "Number of rabbits"
1.0, 120.0, 68.0
2.0, 128.0, 111.0
3.0, 128.0, 111.0
4.0, 118.0, 144.0
5.0, 94.0, 191.0
6.0, 48.0, 244.0
7.0, 14.0, 282.0
8.0, 14.0, 278.0
9.0, 14.0, 278.0
10.0, 14.0, 249.0
11.0, 19.0, 216.0
12.0, 19.0, 216.0
13.0, 30.0, 203.0
14.0, 27.0, 201.0
15.0, 27.0, 201.0
16.0, 33.0, 201.0
17.0, 32.0, 207.0
18.0, 29.0, 211.0
19.0, 29.0, 211.0
20.0, 36.0, 209.0
21.0, 37.0, 205.0
22.0, 32.0, 222.0
23.0, 27.0, 218.0
24.0, 27.0, 218.0
25.0, 30.0, 224.0
26.0, 30.0, 220.0
27.0, 28.0, 225.0
28.0, 29.0, 218.0
29.0, 30.0, 223.0
30.0, 30.0, 223.0
31.0, 23.0, 228.0
32.0, 23.0, 228.0
33.0, 25.0, 219.0
34.0, 38.0, 206.0
35.0, 40.0, 199.0
36.0, 41.0, 209.0
37.0, 41.0, 209.0
38.0, 44.0, 210.0
39.0, 40.0, 217.0
40.0, 40.0, 217.0
41.0, 31.0, 220.0
42.0, 32.0, 221.0
43.0, 32.0, 221.0
44.0, 23.0, 235.0
45.0, 24.0, 224.0
46.0, 24.0, 228.0
47.0, 23.0, 227.0
48.0, 23.0, 227.0
49.0, 36.0, 217.0
50.0, 43.0, 209.0
51.0, 33.0, 207.0
52.0, 24.0, 219.0
53.0, 22.0, 238.0
54.0, 31.0, 231.0
55.0, 31.0, 231.0
56.0, 35.0, 216.0
57.0, 26.0, 227.0
58.0, 33.0, 214.0
59.0, 33.0, 214.0
60.0, 37.0, 219.0
61.0, 37.0, 219.0
62.0, 44.0, 198.0
63.0, 44.0, 198.0
64.0, 41.0, 193.0
65.0, 39.0, 214.0
66.0, 39.0, 214.0
67.0, 30.0, 216.0
68.0, 34.0, 232.0
69.0, 34.0, 232.0
70.0, 24.0, 235.0
71.0, 18.0, 241.0
72.0, 19.0, 232.0
73.0, 33.0, 212.0
74.0, 32.0, 214.0
75.0, 28.0, 203.0
76.0, 28.0, 203.0
77.0, 32.0, 203.0
78.0, 31.0, 209.0
79.0, 36.0, 206.0
80.0, 31.0, 215.0
81.0, 31.0, 215.0
82.0, 26.0, 234.0
83.0, 26.0, 228.0
84.0, 26.0, 228.0
85.0, 27.0, 221.0
86.0, 34.0, 211.0
87.0, 38.0, 196.0
88.0, 43.0, 208.0
89.0, 37.0, 207.0
90.0, 37.0, 207.0
91.0, 37.0, 223.0
92.0, 35.0, 223.0
93.0, 27.0, 219.0
94.0, 27.0, 221.0
95.0, 27.0, 221.0
96.0, 19.0, 220.0
97.0, 27.0, 221.0
98.0, 27.0, 221.0
99.0, 34.0, 209.0
100.0, 34.0, 209.0
101.0, 46.0, 193.0
102.0, 46.0, 193.0
103.0, 43.0, 201.0
104.0, 38.0, 201.0
105.0, 38.0, 201.0
106.0, 35.0, 219.0
107.0, 31.0, 221.0
108.0, 31.0, 237.0
109.0, 36.0, 237.0
110.0, 36.0, 237.0
111.0, 33.0, 214.0
112.0, 33.0, 214.0
113.0, 34.0, 207.0
114.0, 34.0, 207.0
115.0, 32.0, 225.0
116.0, 28.0, 217.0
117.0, 36.0, 219.0
118.0, 36.0, 219.0
119.0, 29.0, 211.0
120.0, 29.0, 211.0
121.0, 29.0, 220.0
122.0, 26.0, 224.0
123.0, 26.0, 218.0
124.0, 26.0, 218.0
125.0, 26.0, 213.0
126.0, 26.0, 213.0
127.0, 29.0, 211.0
128.0, 41.0, 195.0
129.0, 41.0, 195.0
130.0, 43.0, 196.0
131.0, 39.0, 215.0
132.0, 34.0, 234.0
133.0, 28.0, 231.0
134.0, 28.0, 231.0
135.0, 23.0, 227.0
136.0, 23.0, 227.0
137.0, 29.0, 211.0
138.0, 28.0, 217.0
139.0, 28.0, 217.0
140.0, 36.0, 209.0
141.0, 28.0, 210.0
142.0, 28.0, 210.0
143.0, 29.0, 215.0
144.0, 24.0, 229.0
145.0, 24.0, 229.0
146.0, 19.0, 218.0
147.0, 19.0, 218.0
148.0, 25.0, 213.0
149.0, 25.0, 220.0
150.0, 29.0, 214.0
151.0, 29.0, 214.0
152.0, 43.0, 201.0
153.0, 48.0, 187.0
154.0, 45.0, 198.0
155.0, 45.0, 198.0
156.0, 35.0, 199.0
157.0, 31.0, 226.0
158.0, 30.0, 234.0
159.0, 31.0, 236.0
160.0, 26.0, 220.0
161.0, 26.0, 220.0
162.0, 29.0, 208.0
163.0, 29.0, 209.0
164.0, 34.0, 213.0
165.0, 34.0, 213.0
166.0, 39.0, 212.0
167.0, 40.0, 209.0
168.0, 35.0, 214.0
169.0, 34.0, 226.0
170.0, 31.0, 222.0
171.0, 31.0, 222.0
172.0, 30.0, 221.0
173.0, 36.0, 215.0
174.0, 43.0, 214.0
175.0, 43.0, 214.0
176.0, 41.0, 208.0
177.0, 33.0, 217.0
178.0, 25.0, 227.0
179.0, 25.0, 227.0
180.0, 24.0, 231.0
181.0, 30.0, 220.0
182.0, 30.0, 220.0
183.0, 28.0, 229.0
184.0, 28.0, 229.0
185.0, 26.0, 221.0
186.0, 26.0, 221.0
187.0, 33.0, 211.0
188.0, 30.0, 213.0
189.0, 41.0, 216.0
190.0, 36.0, 206.0
191.0, 36.0, 206.0
192.0, 41.0, 195.0
193.0, 47.0, 196.0
194.0, 44.0, 218.0
195.0, 44.0, 218.0
196.0, 39.0, 217.0
197.0, 37.0, 214.0
198.0, 38.0, 220.0
199.0, 25.0, 219.0
200.0, 23.0, 227.0
201.0, 32.0, 228.0
202.0, 31.0, 214.0
203.0, 33.0, 214.0
204.0, 33.0, 214.0
205.0, 36.0, 204.0
206.0, 36.0, 204.0
207.0, 36.0, 206.0
208.0, 34.0, 228.0
209.0, 34.0, 228.0
210.0, 31.0, 225.0
211.0, 27.0, 229.0
212.0, 24.0, 216.0
213.0, 35.0, 218.0
214.0, 34.0, 210.0
215.0, 34.0, 208.0
216.0, 34.0, 208.0
217.0, 36.0, 205.0
218.0, 32.0, 206.0
219.0, 28.0, 214.0
220.0, 28.0, 214.0
221.0, 30.0, 215.0
222.0, 32.0, 219.0
223.0, 27.0, 216.0
224.0, 27.0, 216.0
225.0, 27.0, 223.0
226.0, 28.0, 220.0
227.0, 28.0, 220.0
228.0, 37.0, 202.0
229.0, 38.0, 198.0
230.0, 38.0, 198.0
231.0, 45.0, 207.0
232.0, 45.0, 207.0
233.0, 39.0, 215.0
234.0, 39.0, 215.0
235.0, 45.0, 209.0
236.0, 43.0, 206.0
237.0, 43.0, 206.0
238.0, 26.0, 229.0
239.0, 26.0, 229.0
240.0, 25.0, 233.0
241.0, 21.0, 233.0
242.0, 21.0, 233.0
243.0, 32.0, 224.0
244.0, 32.0, 224.0
245.0, 29.0, 227.0
246.0, 29.0, 227.0
247.0, 32.0, 208.0
248.0, 36.0, 219.0
249.0, 29.0, 226.0
250.0, 30.0, 217.0
251.0, 30.0, 217.0
252.0, 25.0, 214.0
253.0, 31.0, 221.0
254.0, 32.0, 216.0
255.0, 35.0, 212.0
256.0, 34.0, 210.0
257.0, 34.0, 210.0
258.0, 31.0, 210.0
259.0, 33.0, 213.0
260.0, 33.0, 213.0
261.0, 33.0, 219.0
262.0, 34.0, 207.0
263.0, 38.0, 216.0
264.0, 38.0, 216.0
265.0, 38.0, 217.0
266.0, 45.0, 211.0
267.0, 43.0, 208.0
268.0, 43.0, 208.0
269.0, 29.0, 220.0
270.0, 32.0, 215.0
271.0, 35.0, 222.0
272.0, 35.0, 222.0
273.0, 36.0, 216.0
274.0, 35.0, 217.0
275.0, 35.0, 224.0
276.0, 35.0, 224.0
277.0, 38.0, 210.0
278.0, 32.0, 215.0
279.0, 32.0, 215.0
280.0, 27.0, 232.0
281.0, 34.0, 227.0
282.0, 34.0, 227.0
283.0, 35.0, 218.0
284.0, 32.0, 215.0
285.0, 33.0, 206.0
286.0, 33.0, 206.0
287.0, 36.0, 207.0
288.0, 33.0, 222.0
289.0, 21.0, 224.0
290.0, 21.0, 224.0
291.0, 23.0, 220.0
292.0, 23.0, 220.0
293.0, 28.0, 215.0
294.0, 28.0, 215.0
295.0, 32.0, 193.0
296.0, 31.0, 202.0
297.0, 34.0, 213.0
298.0, 41.0, 209.0
299.0, 41.0, 209.0
300.0, 36.0, 202.0
301.0, 37.0, 220.0
302.0, 37.0, 220.0
303.0, 35.0, 214.0
304.0, 41.0, 207.0
305.0, 38.0, 216.0
306.0, 34.0, 218.0
307.0, 34.0, 218.0
308.0, 35.0, 225.0
309.0, 28.0, 218.0
310.0, 28.0, 218.0
311.0, 32.0, 221.0
312.0, 35.0, 211.0
313.0, 32.0, 211.0
314.0, 32.0, 211.0
315.0, 28.0, 221.0
316.0, 28.0, 233.0
317.0, 29.0, 228.0
318.0, 29.0, 228.0
319.0, 27.0, 230.0
320.0, 24.0, 230.0
321.0, 22.0, 218.0
322.0, 27.0, 209.0
323.0, 27.0, 209.0
324.0, 29.0, 227.0
325.0, 34.0, 204.0
326.0, 34.0, 204.0
327.0, 30.0, 213.0
328.0, 38.0, 211.0
329.0, 38.0, 211.0
330.0, 35.0, 208.0
331.0, 35.0, 208.0
332.0, 27.0, 223.0
333.0, 27.0, 223.0
334.0, 28.0, 231.0
335.0, 34.0, 220.0
336.0, 41.0, 215.0
337.0, 41.0, 215.0
338.0, 32.0, 199.0
339.0, 32.0, 199.0
340.0, 38.0, 208.0
341.0, 38.0, 208.0
342.0, 38.0, 212.0
343.0, 29.0, 227.0
344.0, 27.0, 229.0
345.0, 24.0, 224.0
346.0, 22.0, 219.0
347.0, 28.0, 213.0
348.0, 31.0, 205.0
349.0, 26.0, 210.0
350.0, 26.0, 210.0
351.0, 24.0, 203.0
352.0, 32.0, 223.0
353.0, 31.0, 214.0
354.0, 31.0, 214.0
355.0, 34.0, 211.0
356.0, 31.0, 212.0
357.0, 31.0, 212.0
358.0, 33.0, 217.0
359.0, 32.0, 212.0
360.0, 35.0, 211.0
361.0, 34.0, 213.0
362.0, 34.0, 213.0
363.0, 23.0, 223.0
364.0, 23.0, 223.0
365.0, 32.0, 210.0
366.0, 34.0, 206.0
367.0, 35.0, 210.0
368.0, 35.0, 210.0
369.0, 36.0, 208.0
370.0, 43.0, 206.0
371.0, 43.0, 206.0
372.0, 35.0, 199.0
373.0, 33.0, 212.0
374.0, 21.0, 231.0
375.0, 21.0, 231.0
376.0, 24.0, 234.0
377.0, 25.0, 225.0
378.0, 29.0, 222.0
379.0, 29.0, 213.0
380.0, 29.0, 213.0
381.0, 40.0, 210.0
382.0, 40.0, 210.0
383.0, 33.0, 216.0
384.0, 23.0, 227.0
385.0, 29.0, 226.0
386.0, 28.0, 220.0
387.0, 26.0, 221.0
388.0, 26.0, 221.0
389.0, 31.0, 222.0
390.0, 31.0, 216.0
391.0, 28.0, 207.0
392.0, 28.0, 207.0
393.0, 33.0, 211.0
394.0, 33.0, 211.0
395.0, 32.0, 218.0
396.0, 33.0, 220.0
397.0, 35.0, 216.0
398.0, 31.0, 212.0
399.0, 31.0, 212.0
400.0, 33.0, 219.0
401.0, 30.0, 218.0
402.0, 28.0, 219.0
403.0, 30.0, 208.0
404.0, 31.0, 212.0
405.0, 29.0, 217.0
406.0, 29.0, 217.0
407.0, 37.0, 212.0
408.0, 34.0, 213.0
409.0, 34.0, 213.0
410.0, 28.0, 206.0
411.0, 29.0, 222.0
412.0, 29.0, 222.0
413.0, 32.0, 226.0
414.0, 37.0, 220.0
415.0, 36.0, 215.0
416.0, 35.0, 210.0
417.0, 35.0, 210.0
418.0, 32.0, 216.0
419.0, 27.0, 221.0
420.0, 33.0, 218.0
421.0, 30.0, 213.0
422.0, 33.0, 207.0
423.0, 33.0, 207.0
424.0, 38.0, 202.0
425.0, 36.0, 207.0
426.0, 41.0, 206.0
427.0, 35.0, 201.0
428.0, 33.0, 220.0
429.0, 32.0, 227.0
430.0, 32.0, 227.0
431.0, 23.0, 219.0
432.0, 23.0, 219.0
433.0, 25.0, 219.0
434.0, 25.0, 219.0
435.0, 33.0, 220.0
436.0, 37.0, 208.0
437.0, 37.0, 208.0
438.0, 50.0, 199.0
439.0, 50.0, 199.0
440.0, 47.0, 189.0
441.0, 38.0, 214.0
442.0, 38.0, 214.0
443.0, 27.0, 225.0
444.0, 27.0, 225.0
445.0, 26.0, 233.0
446.0, 22.0, 235.0
447.0, 30.0, 229.0
448.0, 24.0, 217.0
449.0, 24.0, 217.0
450.0, 29.0, 218.0
451.0, 27.0, 209.0
452.0, 31.0, 219.0
453.0, 28.0, 214.0
454.0, 28.0, 214.0
455.0, 30.0, 232.0
456.0, 30.0, 232.0
457.0, 30.0, 211.0
458.0, 30.0, 219.0
459.0, 32.0, 213.0
460.0, 36.0, 208.0
461.0, 36.0, 208.0
462.0, 33.0, 209.0
463.0, 24.0, 218.0
464.0, 24.0, 218.0
465.0, 27.0, 231.0
466.0, 28.0, 224.0
467.0, 28.0, 224.0
468.0, 33.0, 210.0
469.0, 24.0, 205.0
470.0, 29.0, 212.0
471.0, 29.0, 212.0
472.0, 30.0, 224.0
473.0, 29.0, 211.0
474.0, 37.0, 207.0
475.0, 34.0, 205.0
476.0, 34.0, 205.0
477.0, 29.0, 214.0
478.0, 32.0, 215.0
479.0, 39.0, 222.0
480.0, 39.0, 222.0
481.0, 37.0, 208.0
482.0, 28.0, 223.0
483.0, 18.0, 224.0
484.0, 19.0, 233.0
485.0, 24.0, 221.0
486.0, 23.0, 222.0
487.0, 23.0, 222.0
488.0, 24.0, 223.0
489.0, 29.0, 208.0
490.0, 29.0, 208.0
491.0, 32.0, 210.0
492.0, 34.0, 207.0
493.0, 44.0, 202.0
494.0, 44.0, 202.0
495.0, 31.0, 215.0
496.0, 27.0, 226.0
497.0, 27.0, 226.0
498.0, 33.0, 215.0
499.0, 26.0, 213.0
500.0, 36.0, 213.0
501.0, 42.0, 208.0
502.0, 42.0, 208.0
503.0, 25.0, 227.0
504.0, 20.0, 233.0
505.0, 27.0, 245.0
506.0, 27.0, 245.0
507.0, 30.0, 242.0
508.0, 31.0, 210.0
509.0, 33.0, 197.0
510.0, 34.0, 207.0
511.0, 26.0, 212.0
512.0, 25.0, 219.0
513.0, 25.0, 219.0
514.0, 26.0, 218.0
515.0, 24.0, 224.0
516.0, 24.0, 224.0
517.0, 28.0, 216.0
518.0, 28.0, 216.0
519.0, 43.0, 194.0
520.0, 39.0, 198.0
521.0, 39.0, 198.0
522.0, 36.0, 203.0
523.0, 32.0, 218.0
524.0, 35.0, 216.0
525.0, 35.0, 208.0
526.0, 36.0, 211.0
527.0, 36.0, 214.0
528.0, 41.0, 210.0
529.0, 39.0, 200.0
530.0, 40.0, 218.0
531.0, 40.0, 218.0
532.0, 33.0, 214.0
533.0, 33.0, 216.0
534.0, 31.0, 211.0
535.0, 32.0, 217.0
536.0, 32.0, 217.0
537.0, 23.0, 234.0
538.0, 23.0, 227.0
539.0, 23.0, 227.0
540.0, 21.0, 218.0
541.0, 27.0, 212.0
542.0, 28.0, 208.0
543.0, 30.0, 212.0
544.0, 30.0, 213.0
545.0, 30.0, 213.0
546.0, 35.0, 208.0
547.0, 32.0, 219.0
548.0, 30.0, 220.0
549.0, 27.0, 218.0
550.0, 28.0, 218.0
551.0, 33.0, 227.0
552.0, 33.0, 227.0
553.0, 35.0, 217.0
554.0, 36.0, 214.0
555.0, 37.0, 210.0
556.0, 37.0, 210.0
557.0, 32.0, 211.0
558.0, 33.0, 219.0
559.0, 33.0, 219.0
560.0, 32.0, 222.0
561.0, 32.0, 222.0
562.0, 32.0, 223.0
563.0, 32.0, 223.0
564.0, 32.0, 226.0
565.0, 33.0, 223.0
566.0, 30.0, 224.0
567.0, 24.0, 225.0
568.0, 24.0, 222.0
569.0, 24.0, 222.0
570.0, 31.0, 214.0
571.0, 34.0, 213.0
572.0, 34.0, 213.0
573.0, 29.0, 214.0
574.0, 29.0, 214.0
575.0, 38.0, 213.0
576.0, 42.0, 201.0
577.0, 42.0, 201.0
578.0, 39.0, 200.0
579.0, 38.0, 204.0
580.0, 33.0, 220.0
581.0, 29.0, 227.0
582.0, 28.0, 238.0
583.0, 28.0, 238.0
584.0, 41.0, 206.0
585.0, 39.0, 189.0
586.0, 48.0, 204.0
587.0, 48.0, 207.0
588.0, 37.0, 197.0
589.0, 37.0, 197.0
590.0, 30.0, 217.0
591.0, 31.0, 220.0
592.0, 25.0, 239.0
593.0, 25.0, 239.0
594.0, 24.0, 229.0
595.0, 27.0, 230.0
596.0, 27.0, 224.0
597.0, 28.0, 222.0
598.0, 27.0, 218.0
599.0, 32.0, 210.0
600.0, 32.0, 210.0
601.0, 36.0, 209.0
602.0, 36.0, 209.0
603.0, 24.0, 223.0
604.0, 24.0, 223.0
605.0, 27.0, 215.0
606.0, 27.0, 215.0
607.0, 35.0, 204.0
608.0, 35.0, 204.0
609.0, 33.0, 202.0
610.0, 33.0, 202.0
611.0, 40.0, 198.0
612.0, 41.0, 196.0
613.0, 37.0, 215.0
614.0, 38.0, 219.0
615.0, 36.0, 223.0
616.0, 41.0, 218.0
617.0, 41.0, 218.0
618.0, 35.0, 214.0
619.0, 26.0, 226.0
620.0, 26.0, 226.0
621.0, 27.0, 234.0
622.0, 32.0, 227.0
623.0, 32.0, 227.0
624.0, 33.0, 212.0
625.0, 33.0, 212.0
626.0, 29.0, 212.0
627.0, 30.0, 218.0
628.0, 41.0, 209.0
629.0, 46.0, 203.0
630.0, 38.0, 208.0
631.0, 38.0, 226.0
632.0, 34.0, 219.0
633.0, 33.0, 227.0
634.0, 33.0, 227.0
635.0, 34.0, 223.0
636.0, 34.0, 223.0
637.0, 34.0, 211.0
638.0, 39.0, 208.0
639.0, 39.0, 208.0
640.0, 38.0, 214.0
641.0, 37.0, 209.0
642.0, 37.0, 209.0
643.0, 39.0, 201.0
644.0, 36.0, 211.0
645.0, 36.0, 211.0
646.0, 42.0, 213.0
647.0, 34.0, 212.0
648.0, 32.0, 227.0
649.0, 24.0, 226.0
650.0, 24.0, 226.0
651.0, 22.0, 228.0
652.0, 27.0, 227.0
653.0, 29.0, 212.0
654.0, 29.0, 212.0
655.0, 29.0, 211.0
656.0, 40.0, 216.0
657.0, 40.0, 216.0
658.0, 36.0, 199.0
659.0, 42.0, 203.0
660.0, 36.0, 215.0
661.0, 36.0, 215.0
662.0, 27.0, 228.0
663.0, 30.0, 228.0
664.0, 30.0, 228.0
665.0, 22.0, 231.0
666.0, 22.0, 231.0
667.0, 22.0, 218.0
668.0, 26.0, 211.0
669.0, 27.0, 216.0
670.0, 27.0, 216.0
671.0, 40.0, 202.0
672.0, 40.0, 202.0
673.0, 51.0, 207.0
674.0, 46.0, 203.0
675.0, 46.0, 203.0
676.0, 34.0, 220.0
677.0, 28.0, 221.0
678.0, 28.0, 221.0
679.0, 22.0, 229.0
680.0, 30.0, 217.0
681.0, 30.0, 217.0
682.0, 24.0, 212.0
683.0, 31.0, 209.0
684.0, 32.0, 207.0
685.0, 40.0, 211.0
686.0, 40.0, 211.0
687.0, 39.0, 202.0
688.0, 39.0, 202.0
689.0, 38.0, 210.0
690.0, 37.0, 217.0
691.0, 38.0, 219.0
692.0, 38.0, 219.0
693.0, 32.0, 220.0
694.0, 36.0, 214.0
695.0, 28.0, 228.0
696.0, 26.0, 223.0
697.0, 30.0, 220.0
698.0, 33.0, 221.0
699.0, 31.0, 220.0
700.0, 31.0, 220.0
701.0, 39.0, 213.0
702.0, 39.0, 213.0
703.0, 33.0, 208.0
704.0, 33.0, 208.0
705.0, 32.0, 218.0
706.0, 34.0, 214.0
707.0, 33.0, 221.0
708.0, 33.0, 221.0
709.0, 33.0, 220.0
710.0, 33.0, 220.0
711.0, 29.0, 223.0
712.0, 28.0, 221.0
713.0, 27.0, 219.0
714.0, 27.0, 219.0
715.0, 34.0, 225.0
716.0, 27.0, 231.0
717.0, 27.0, 231.0
718.0, 35.0, 218.0
719.0, 37.0, 213.0
720.0, 37.0, 213.0
721.0, 32.0, 207.0
722.0, 31.0, 226.0
723.0, 24.0, 228.0
724.0, 24.0, 228.0
725.0, 29.0, 214.0
726.0, 29.0, 210.0
727.0, 33.0, 217.0
728.0, 33.0, 217.0
729.0, 31.0, 219.0
730.0, 30.0, 222.0
731.0, 30.0, 222.0
732.0, 29.0, 227.0
733.0, 26.0, 227.0
734.0, 35.0, 220.0
735.0, 35.0, 220.0
736.0, 31.0, 220.0
737.0, 35.0, 215.0
738.0, 38.0, 207.0
739.0, 31.0, 206.0
740.0, 28.0, 226.0
741.0, 28.0, 226.0
742.0, 23.0, 227.0
743.0, 29.0, 220.0
744.0, 36.0, 210.0
745.0, 36.0, 210.0
746.0, 31.0, 202.0
747.0, 31.0, 202.0
748.0, 36.0, 206.0
749.0, 36.0, 206.0
750.0, 38.0, 209.0
751.0, 40.0, 209.0
752.0, 40.0, 209.0
753.0, 36.0, 216.0
754.0, 31.0, 217.0
755.0, 25.0, 233.0
756.0, 30.0, 230.0
757.0, 28.0, 221.0
758.0, 28.0, 221.0
759.0, 28.0, 221.0
760.0, 28.0, 221.0
761.0, 26.0, 210.0
762.0, 32.0, 204.0
763.0, 27.0, 215.0
764.0, 34.0, 222.0
765.0, 33.0, 202.0
766.0, 33.0, 202.0
767.0, 29.0, 210.0
768.0, 33.0, 222.0
769.0, 33.0, 222.0
770.0, 33.0, 221.0
771.0, 27.0, 224.0
772.0, 27.0, 224.0
773.0, 29.0, 227.0
774.0, 32.0, 218.0
775.0, 34.0, 224.0
776.0, 34.0, 224.0
777.0, 33.0, 212.0
778.0, 41.0, 211.0
779.0, 41.0, 203.0
780.0, 43.0, 203.0
781.0, 29.0, 217.0
782.0, 23.0, 223.0
783.0, 23.0, 223.0
784.0, 25.0, 229.0
785.0, 32.0, 226.0
786.0, 28.0, 233.0
787.0, 28.0, 221.0
788.0, 31.0, 218.0
789.0, 31.0, 218.0
790.0, 32.0, 216.0
791.0, 36.0, 221.0
792.0, 42.0, 205.0
793.0, 42.0, 205.0
794.0, 37.0, 208.0
795.0, 37.0, 208.0
796.0, 29.0, 221.0
797.0, 29.0, 221.0
798.0, 31.0, 222.0
799.0, 31.0, 222.0
800.0, 31.0, 222.0
801.0, 22.0, 237.0
802.0, 30.0, 220.0
803.0, 30.0, 220.0
804.0, 29.0, 224.0
805.0, 26.0, 217.0
806.0, 28.0, 221.0
807.0, 29.0, 217.0
808.0, 31.0, 212.0
809.0, 32.0, 205.0
810.0, 32.0, 205.0
811.0, 36.0, 199.0
812.0, 36.0, 199.0
813.0, 32.0, 208.0
814.0, 32.0, 212.0
815.0, 27.0, 224.0
816.0, 21.0, 228.0
817.0, 21.0, 235.0
818.0, 21.0, 235.0
819.0, 17.0, 232.0
820.0, 21.0, 226.0
821.0, 25.0, 231.0
822.0, 25.0, 231.0
823.0, 26.0, 219.0
824.0, 30.0, 218.0
825.0, 27.0, 211.0
826.0, 31.0, 214.0
827.0, 31.0, 214.0
828.0, 31.0, 216.0
829.0, 25.0, 214.0
830.0, 25.0, 214.0
831.0, 33.0, 216.0
832.0, 33.0, 216.0
833.0, 42.0, 199.0
834.0, 35.0, 215.0
835.0, 35.0, 211.0
836.0, 35.0, 211.0
837.0, 32.0, 217.0
838.0, 35.0, 223.0
839.0, 36.0, 223.0
840.0, 32.0, 217.0
841.0, 24.0, 213.0
842.0, 25.0, 230.0
843.0, 25.0, 230.0
844.0, 33.0, 221.0
845.0, 33.0, 221.0
846.0, 29.0, 206.0
847.0, 29.0, 219.0
848.0, 29.0, 219.0
849.0, 34.0, 222.0
850.0, 32.0, 210.0
851.0, 34.0, 214.0
852.0, 37.0, 216.0
853.0, 37.0, 216.0
854.0, 36.0, 204.0
855.0, 36.0, 204.0
856.0, 44.0, 213.0
857.0, 32.0, 214.0
858.0, 32.0, 214.0
859.0, 39.0, 209.0
860.0, 39.0, 209.0
861.0, 37.0, 216.0
862.0, 47.0, 213.0
863.0, 47.0, 213.0
864.0, 42.0, 214.0
865.0, 38.0, 228.0
866.0, 24.0, 228.0
867.0, 24.0, 228.0
868.0, 26.0, 222.0
869.0, 26.0, 221.0
870.0, 31.0, 228.0
871.0, 31.0, 228.0
872.0, 32.0, 214.0
873.0, 31.0, 213.0
874.0, 32.0, 211.0
875.0, 32.0, 211.0
876.0, 31.0, 213.0
877.0, 32.0, 212.0
878.0, 33.0, 222.0
879.0, 32.0, 222.0
880.0, 32.0, 222.0
881.0, 30.0, 224.0
882.0, 33.0, 213.0
883.0, 33.0, 213.0
884.0, 37.0, 214.0
885.0, 22.0, 224.0
886.0, 18.0, 241.0
887.0, 18.0, 241.0
888.0, 15.0, 236.0
889.0, 15.0, 236.0
890.0, 22.0, 230.0
891.0, 34.0, 201.0
892.0, 34.0, 201.0
893.0, 39.0, 200.0
894.0, 44.0, 202.0
895.0, 32.0, 198.0
896.0, 32.0, 198.0
897.0, 29.0, 220.0
898.0, 29.0, 220.0
899.0, 29.0, 220.0
900.0, 29.0, 220.0
901.0, 29.0, 220.0
902.0, 34.0, 211.0
903.0, 36.0, 211.0
904.0, 38.0, 204.0
905.0, 33.0, 208.0
906.0, 33.0, 208.0
907.0, 38.0, 213.0
908.0, 34.0, 215.0
909.0, 30.0, 213.0
910.0, 26.0, 232.0
911.0, 26.0, 232.0
912.0, 23.0, 224.0
913.0, 23.0, 224.0
914.0, 25.0, 219.0
915.0, 36.0, 212.0
916.0, 32.0, 207.0
917.0, 44.0, 200.0
918.0, 44.0, 200.0
919.0, 39.0, 202.0
920.0, 31.0, 210.0
921.0, 31.0, 210.0
922.0, 26.0, 219.0
923.0, 27.0, 226.0
924.0, 27.0, 226.0
925.0, 29.0, 219.0
926.0, 29.0, 219.0
927.0, 30.0, 212.0
928.0, 30.0, 212.0
929.0, 28.0, 222.0
930.0, 28.0, 222.0
931.0, 26.0, 225.0
932.0, 22.0, 228.0
933.0, 18.0, 231.0
934.0, 39.0, 212.0
935.0, 38.0, 192.0
936.0, 38.0, 192.0
937.0, 36.0, 199.0
938.0, 33.0, 210.0
939.0, 29.0, 216.0
940.0, 29.0, 216.0
941.0, 26.0, 226.0
942.0, 28.0, 230.0
943.0, 27.0, 218.0
944.0, 30.0, 211.0
945.0, 30.0, 211.0
946.0, 23.0, 223.0
947.0, 23.0, 223.0
948.0, 25.0, 227.0
949.0, 31.0, 225.0
950.0, 31.0, 210.0
951.0, 36.0, 204.0
952.0, 36.0, 204.0
953.0, 42.0, 203.0
954.0, 47.0, 205.0
955.0, 41.0, 199.0
956.0, 33.0, 216.0
957.0, 28.0, 223.0
958.0, 28.0, 223.0
959.0, 30.0, 226.0
960.0, 30.0, 226.0
961.0, 28.0, 219.0
962.0, 28.0, 219.0
963.0, 28.0, 213.0
964.0, 28.0, 213.0
965.0, 28.0, 225.0
966.0, 31.0, 219.0
967.0, 31.0, 219.0
968.0, 34.0, 207.0
969.0, 37.0, 203.0
970.0, 37.0, 205.0
971.0, 34.0, 206.0
972.0, 28.0, 215.0
973.0, 23.0, 225.0
974.0, 23.0, 225.0
975.0, 25.0, 222.0
976.0, 25.0, 222.0
977.0, 31.0, 219.0
978.0, 29.0, 209.0
979.0, 29.0, 209.0
980.0, 32.0, 219.0
981.0, 29.0, 219.0
982.0, 26.0, 219.0
983.0, 28.0, 213.0
984.0, 28.0, 213.0
985.0, 26.0, 225.0
986.0, 31.0, 214.0
987.0, 31.0, 214.0
988.0, 32.0, 209.0
989.0, 30.0, 220.0
990.0, 35.0, 207.0
991.0, 33.0, 208.0
992.0, 37.0, 208.0
993.0, 37.0, 208.0
994.0, 36.0, 218.0
995.0, 29.0, 214.0
996.0, 29.0, 214.0
997.0, 30.0, 220.0
998.0, 30.0, 221.0
999.0, 27.0, 224.0
1000.0, 28.0, 216.0
1001.0, 28.0, 216.0
1002.0, 33.0, 216.0
1003.0, 36.0, 213.0
1004.0, 36.0, 221.0
1005.0, 36.0, 221.0
1006.0, 41.0, 205.0
1007.0, 42.0, 214.0
1008.0, 36.0, 218.0
1009.0, 29.0, 214.0
1010.0, 27.0, 217.0
1011.0, 27.0, 217.0
1012.0, 23.0, 233.0
1013.0, 26.0, 226.0
1014.0, 26.0, 226.0
1015.0, 32.0, 202.0
1016.0, 39.0, 203.0
1017.0, 39.0, 203.0
1018.0, 34.0, 203.0
1019.0, 34.0, 222.0
1020.0, 40.0, 214.0
1021.0, 32.0, 211.0
1022.0, 41.0, 199.0
1023.0, 41.0, 199.0
1024.0, 43.0, 198.0
1025.0, 36.0, 207.0
1026.0, 36.0, 207.0
1027.0, 36.0, 209.0
1028.0, 36.0, 215.0
1029.0, 29.0, 229.0
1030.0, 30.0, 229.0
1031.0, 25.0, 219.0
1032.0, 23.0, 219.0
1033.0, 28.0, 219.0
1034.0, 36.0, 212.0
1035.0, 36.0, 212.0
1036.0, 36.0, 203.0
1037.0, 34.0, 206.0
1038.0, 34.0, 206.0
1039.0, 29.0, 221.0
1040.0, 29.0, 221.0
1041.0, 32.0, 219.0
1042.0, 33.0, 218.0
1043.0, 33.0, 218.0
1044.0, 34.0, 209.0
1045.0, 33.0, 209.0
1046.0, 41.0, 219.0
1047.0, 41.0, 219.0
1048.0, 38.0, 214.0
1049.0, 33.0, 229.0
1050.0, 28.0, 226.0
