"tick", "Number of grass tile", "Number of rabbits"
1.0, 187.0, 29.0
2.0, 263.0, 30.0
3.0, 263.0, 30.0
4.0, 335.0, 35.0
5.0, 358.0, 42.0
6.0, 343.0, 57.0
7.0, 311.0, 89.0
8.0, 283.0, 117.0
9.0, 283.0, 117.0
10.0, 240.0, 152.0
11.0, 132.0, 230.0
12.0, 132.0, 230.0
13.0, 61.0, 287.0
14.0, 44.0, 313.0
15.0, 44.0, 313.0
16.0, 26.0, 330.0
17.0, 25.0, 343.0
18.0, 21.0, 344.0
19.0, 21.0, 344.0
20.0, 16.0, 347.0
21.0, 19.0, 349.0
22.0, 17.0, 354.0
23.0, 13.0, 357.0
24.0, 13.0, 357.0
25.0, 9.0, 366.0
26.0, 10.0, 371.0
27.0, 13.0, 369.0
28.0, 11.0, 366.0
29.0, 14.0, 369.0
30.0, 14.0, 369.0
31.0, 10.0, 365.0
32.0, 10.0, 365.0
33.0, 9.0, 362.0
34.0, 8.0, 366.0
35.0, 10.0, 364.0
36.0, 13.0, 361.0
37.0, 13.0, 361.0
38.0, 15.0, 369.0
39.0, 11.0, 363.0
40.0, 11.0, 363.0
41.0, 15.0, 358.0
42.0, 13.0, 357.0
43.0, 13.0, 357.0
44.0, 11.0, 361.0
45.0, 11.0, 359.0
46.0, 12.0, 357.0
47.0, 8.0, 363.0
48.0, 8.0, 363.0
49.0, 13.0, 362.0
50.0, 8.0, 362.0
51.0, 10.0, 364.0
52.0, 11.0, 360.0
53.0, 9.0, 361.0
54.0, 10.0, 362.0
55.0, 10.0, 362.0
56.0, 14.0, 365.0
57.0, 10.0, 372.0
58.0, 6.0, 377.0
59.0, 6.0, 377.0
60.0, 9.0, 373.0
61.0, 9.0, 373.0
62.0, 9.0, 371.0
63.0, 9.0, 371.0
64.0, 7.0, 365.0
65.0, 13.0, 367.0
66.0, 13.0, 367.0
67.0, 13.0, 363.0
68.0, 13.0, 360.0
69.0, 13.0, 360.0
70.0, 14.0, 361.0
71.0, 7.0, 374.0
72.0, 7.0, 374.0
73.0, 6.0, 379.0
74.0, 10.0, 373.0
75.0, 6.0, 365.0
76.0, 6.0, 365.0
77.0, 10.0, 371.0
78.0, 10.0, 367.0
79.0, 9.0, 365.0
80.0, 7.0, 361.0
81.0, 7.0, 361.0
82.0, 10.0, 363.0
83.0, 9.0, 360.0
84.0, 9.0, 360.0
85.0, 16.0, 359.0
86.0, 18.0, 361.0
87.0, 18.0, 361.0
88.0, 13.0, 366.0
89.0, 11.0, 368.0
90.0, 11.0, 368.0
91.0, 7.0, 366.0
92.0, 7.0, 373.0
93.0, 8.0, 369.0
94.0, 9.0, 363.0
95.0, 9.0, 363.0
96.0, 14.0, 364.0
97.0, 9.0, 362.0
98.0, 9.0, 362.0
99.0, 12.0, 357.0
100.0, 12.0, 357.0
101.0, 8.0, 361.0
102.0, 8.0, 361.0
103.0, 6.0, 361.0
104.0, 12.0, 354.0
105.0, 12.0, 354.0
106.0, 16.0, 353.0
107.0, 23.0, 352.0
108.0, 15.0, 356.0
109.0, 10.0, 356.0
110.0, 10.0, 356.0
111.0, 10.0, 358.0
112.0, 10.0, 358.0
113.0, 12.0, 357.0
114.0, 12.0, 357.0
115.0, 9.0, 359.0
116.0, 9.0, 359.0
117.0, 10.0, 360.0
118.0, 10.0, 360.0
119.0, 11.0, 360.0
120.0, 11.0, 360.0
121.0, 7.0, 365.0
122.0, 10.0, 361.0
123.0, 15.0, 360.0
124.0, 15.0, 360.0
125.0, 13.0, 357.0
126.0, 13.0, 357.0
127.0, 13.0, 362.0
128.0, 12.0, 359.0
129.0, 12.0, 359.0
130.0, 5.0, 365.0
131.0, 10.0, 364.0
132.0, 10.0, 363.0
133.0, 7.0, 369.0
134.0, 7.0, 369.0
135.0, 9.0, 361.0
136.0, 9.0, 361.0
137.0, 15.0, 357.0
138.0, 13.0, 363.0
139.0, 13.0, 363.0
140.0, 14.0, 359.0
141.0, 13.0, 361.0
142.0, 13.0, 361.0
143.0, 9.0, 364.0
144.0, 8.0, 368.0
145.0, 8.0, 368.0
146.0, 8.0, 371.0
147.0, 8.0, 371.0
148.0, 8.0, 368.0
149.0, 8.0, 374.0
150.0, 10.0, 372.0
151.0, 10.0, 372.0
152.0, 10.0, 372.0
153.0, 6.0, 370.0
154.0, 9.0, 372.0
155.0, 9.0, 372.0
156.0, 7.0, 374.0
157.0, 5.0, 373.0
158.0, 4.0, 375.0
159.0, 3.0, 372.0
160.0, 4.0, 373.0
161.0, 4.0, 373.0
162.0, 8.0, 369.0
163.0, 9.0, 363.0
164.0, 6.0, 364.0
165.0, 6.0, 364.0
166.0, 13.0, 368.0
167.0, 11.0, 366.0
168.0, 10.0, 368.0
169.0, 7.0, 367.0
170.0, 11.0, 364.0
171.0, 11.0, 364.0
172.0, 9.0, 359.0
173.0, 14.0, 362.0
174.0, 5.0, 358.0
175.0, 5.0, 358.0
176.0, 7.0, 366.0
177.0, 9.0, 367.0
178.0, 10.0, 365.0
179.0, 10.0, 365.0
180.0, 12.0, 372.0
181.0, 9.0, 376.0
182.0, 9.0, 376.0
183.0, 6.0, 376.0
184.0, 6.0, 376.0
185.0, 6.0, 370.0
186.0, 6.0, 370.0
187.0, 11.0, 368.0
188.0, 8.0, 371.0
189.0, 6.0, 363.0
190.0, 7.0, 369.0
191.0, 7.0, 369.0
192.0, 7.0, 370.0
193.0, 10.0, 374.0
194.0, 8.0, 374.0
195.0, 8.0, 374.0
196.0, 5.0, 376.0
197.0, 5.0, 373.0
198.0, 7.0, 374.0
199.0, 4.0, 371.0
200.0, 5.0, 369.0
201.0, 5.0, 369.0
202.0, 5.0, 368.0
203.0, 7.0, 361.0
204.0, 7.0, 361.0
205.0, 12.0, 368.0
206.0, 12.0, 368.0
207.0, 11.0, 368.0
208.0, 9.0, 365.0
209.0, 9.0, 365.0
210.0, 8.0, 364.0
211.0, 10.0, 363.0
212.0, 4.0, 366.0
213.0, 10.0, 364.0
214.0, 12.0, 364.0
215.0, 7.0, 368.0
216.0, 7.0, 368.0
217.0, 5.0, 368.0
218.0, 7.0, 366.0
219.0, 9.0, 368.0
220.0, 9.0, 368.0
221.0, 8.0, 366.0
222.0, 6.0, 372.0
223.0, 7.0, 368.0
224.0, 7.0, 368.0
225.0, 10.0, 364.0
226.0, 7.0, 365.0
227.0, 7.0, 365.0
228.0, 14.0, 366.0
229.0, 6.0, 366.0
230.0, 6.0, 366.0
231.0, 9.0, 364.0
232.0, 9.0, 364.0
233.0, 5.0, 366.0
234.0, 5.0, 366.0
235.0, 12.0, 369.0
236.0, 8.0, 366.0
237.0, 8.0, 366.0
238.0, 10.0, 359.0
239.0, 10.0, 359.0
240.0, 8.0, 367.0
241.0, 6.0, 367.0
242.0, 6.0, 367.0
243.0, 11.0, 370.0
244.0, 11.0, 370.0
245.0, 12.0, 370.0
246.0, 12.0, 370.0
247.0, 8.0, 369.0
248.0, 5.0, 367.0
249.0, 7.0, 365.0
250.0, 7.0, 365.0
251.0, 7.0, 365.0
252.0, 6.0, 374.0
253.0, 5.0, 371.0
254.0, 6.0, 375.0
255.0, 2.0, 378.0
256.0, 3.0, 372.0
257.0, 3.0, 372.0
258.0, 5.0, 373.0
259.0, 6.0, 371.0
260.0, 6.0, 371.0
261.0, 9.0, 374.0
262.0, 6.0, 370.0
263.0, 7.0, 376.0
264.0, 7.0, 376.0
265.0, 9.0, 375.0
266.0, 8.0, 373.0
267.0, 8.0, 373.0
268.0, 8.0, 373.0
269.0, 6.0, 372.0
270.0, 8.0, 370.0
271.0, 6.0, 370.0
272.0, 6.0, 370.0
273.0, 5.0, 367.0
274.0, 6.0, 371.0
275.0, 10.0, 370.0
276.0, 10.0, 370.0
277.0, 6.0, 369.0
278.0, 7.0, 370.0
279.0, 7.0, 370.0
280.0, 9.0, 368.0
281.0, 8.0, 364.0
282.0, 8.0, 364.0
283.0, 12.0, 360.0
284.0, 9.0, 362.0
285.0, 10.0, 355.0
286.0, 10.0, 355.0
287.0, 13.0, 362.0
288.0, 9.0, 359.0
289.0, 10.0, 370.0
290.0, 10.0, 370.0
291.0, 9.0, 372.0
292.0, 9.0, 372.0
293.0, 4.0, 363.0
294.0, 4.0, 363.0
295.0, 10.0, 369.0
296.0, 6.0, 369.0
297.0, 8.0, 370.0
298.0, 6.0, 371.0
299.0, 6.0, 371.0
300.0, 9.0, 374.0
301.0, 9.0, 377.0
302.0, 9.0, 377.0
303.0, 6.0, 380.0
304.0, 2.0, 374.0
305.0, 9.0, 368.0
306.0, 9.0, 365.0
307.0, 9.0, 365.0
308.0, 9.0, 363.0
309.0, 9.0, 361.0
310.0, 9.0, 361.0
311.0, 7.0, 365.0
312.0, 11.0, 373.0
313.0, 6.0, 372.0
314.0, 6.0, 372.0
315.0, 8.0, 371.0
316.0, 7.0, 369.0
317.0, 6.0, 367.0
318.0, 6.0, 367.0
319.0, 6.0, 366.0
320.0, 12.0, 365.0
321.0, 10.0, 362.0
322.0, 8.0, 368.0
323.0, 8.0, 368.0
324.0, 10.0, 368.0
325.0, 11.0, 364.0
326.0, 11.0, 364.0
327.0, 13.0, 361.0
328.0, 15.0, 361.0
329.0, 15.0, 361.0
330.0, 8.0, 364.0
331.0, 8.0, 364.0
332.0, 7.0, 369.0
333.0, 7.0, 369.0
334.0, 7.0, 374.0
335.0, 8.0, 371.0
336.0, 12.0, 370.0
337.0, 12.0, 370.0
338.0, 8.0, 366.0
339.0, 8.0, 366.0
340.0, 12.0, 361.0
341.0, 12.0, 361.0
342.0, 10.0, 361.0
343.0, 7.0, 363.0
344.0, 7.0, 360.0
345.0, 8.0, 364.0
346.0, 9.0, 364.0
347.0, 7.0, 362.0
348.0, 9.0, 359.0
349.0, 9.0, 366.0
350.0, 9.0, 366.0
351.0, 14.0, 370.0
352.0, 10.0, 371.0
353.0, 7.0, 374.0
354.0, 7.0, 374.0
355.0, 6.0, 366.0
356.0, 6.0, 369.0
357.0, 6.0, 369.0
358.0, 4.0, 377.0
359.0, 8.0, 376.0
360.0, 9.0, 373.0
361.0, 6.0, 373.0
362.0, 6.0, 373.0
363.0, 10.0, 371.0
364.0, 10.0, 371.0
365.0, 7.0, 371.0
366.0, 7.0, 369.0
367.0, 4.0, 368.0
368.0, 4.0, 368.0
369.0, 10.0, 365.0
370.0, 9.0, 368.0
371.0, 9.0, 368.0
372.0, 10.0, 368.0
373.0, 6.0, 368.0
374.0, 14.0, 366.0
375.0, 14.0, 366.0
376.0, 13.0, 369.0
377.0, 8.0, 371.0
378.0, 9.0, 365.0
379.0, 13.0, 366.0
380.0, 13.0, 366.0
381.0, 12.0, 358.0
382.0, 12.0, 358.0
383.0, 11.0, 358.0
384.0, 13.0, 365.0
385.0, 12.0, 363.0
386.0, 11.0, 362.0
387.0, 12.0, 360.0
388.0, 12.0, 360.0
389.0, 15.0, 359.0
390.0, 11.0, 353.0
391.0, 13.0, 356.0
392.0, 13.0, 356.0
393.0, 14.0, 358.0
394.0, 14.0, 358.0
395.0, 10.0, 365.0
396.0, 10.0, 368.0
397.0, 9.0, 367.0
398.0, 13.0, 367.0
399.0, 13.0, 367.0
400.0, 8.0, 368.0
401.0, 10.0, 372.0
402.0, 10.0, 374.0
403.0, 9.0, 368.0
404.0, 8.0, 366.0
405.0, 11.0, 365.0
406.0, 11.0, 365.0
407.0, 11.0, 364.0
408.0, 7.0, 367.0
409.0, 7.0, 367.0
410.0, 7.0, 368.0
411.0, 14.0, 366.0
412.0, 14.0, 366.0
413.0, 8.0, 369.0
414.0, 11.0, 368.0
415.0, 10.0, 368.0
416.0, 13.0, 366.0
417.0, 13.0, 366.0
418.0, 10.0, 363.0
419.0, 10.0, 365.0
420.0, 7.0, 367.0
421.0, 13.0, 365.0
422.0, 16.0, 365.0
423.0, 16.0, 365.0
424.0, 13.0, 361.0
425.0, 19.0, 363.0
426.0, 12.0, 363.0
427.0, 11.0, 365.0
428.0, 10.0, 368.0
429.0, 11.0, 367.0
430.0, 11.0, 367.0
431.0, 9.0, 372.0
432.0, 9.0, 372.0
433.0, 6.0, 372.0
434.0, 6.0, 372.0
435.0, 5.0, 368.0
436.0, 9.0, 367.0
437.0, 9.0, 367.0
438.0, 7.0, 372.0
439.0, 7.0, 372.0
440.0, 6.0, 376.0
441.0, 5.0, 374.0
442.0, 5.0, 374.0
443.0, 8.0, 364.0
444.0, 8.0, 364.0
445.0, 10.0, 365.0
446.0, 9.0, 364.0
447.0, 8.0, 361.0
448.0, 13.0, 366.0
449.0, 13.0, 366.0
450.0, 15.0, 360.0
451.0, 10.0, 366.0
452.0, 6.0, 360.0
453.0, 9.0, 362.0
454.0, 9.0, 362.0
455.0, 13.0, 350.0
456.0, 13.0, 350.0
457.0, 20.0, 352.0
458.0, 14.0, 358.0
459.0, 8.0, 362.0
460.0, 8.0, 364.0
461.0, 8.0, 364.0
462.0, 12.0, 365.0
463.0, 7.0, 364.0
464.0, 7.0, 364.0
465.0, 13.0, 367.0
466.0, 12.0, 367.0
467.0, 12.0, 367.0
468.0, 7.0, 366.0
469.0, 9.0, 368.0
470.0, 8.0, 364.0
471.0, 8.0, 364.0
472.0, 6.0, 361.0
473.0, 10.0, 355.0
474.0, 11.0, 353.0
475.0, 13.0, 356.0
476.0, 13.0, 356.0
477.0, 11.0, 355.0
478.0, 12.0, 352.0
479.0, 14.0, 357.0
480.0, 14.0, 357.0
481.0, 14.0, 352.0
482.0, 9.0, 361.0
483.0, 11.0, 360.0
484.0, 13.0, 358.0
485.0, 12.0, 357.0
486.0, 8.0, 355.0
487.0, 8.0, 355.0
488.0, 9.0, 358.0
489.0, 17.0, 365.0
490.0, 17.0, 365.0
491.0, 8.0, 365.0
492.0, 8.0, 367.0
493.0, 8.0, 372.0
494.0, 8.0, 372.0
495.0, 16.0, 360.0
496.0, 10.0, 366.0
497.0, 10.0, 366.0
498.0, 12.0, 362.0
499.0, 9.0, 363.0
500.0, 8.0, 365.0
501.0, 12.0, 362.0
502.0, 12.0, 362.0
503.0, 13.0, 362.0
504.0, 9.0, 363.0
505.0, 12.0, 363.0
506.0, 12.0, 363.0
507.0, 11.0, 367.0
508.0, 11.0, 362.0
509.0, 10.0, 367.0
510.0, 7.0, 363.0
511.0, 6.0, 362.0
512.0, 11.0, 364.0
513.0, 11.0, 364.0
514.0, 6.0, 369.0
515.0, 10.0, 369.0
516.0, 10.0, 369.0
517.0, 9.0, 378.0
518.0, 9.0, 378.0
519.0, 8.0, 374.0
520.0, 3.0, 373.0
521.0, 3.0, 373.0
522.0, 10.0, 371.0
523.0, 7.0, 372.0
524.0, 4.0, 373.0
525.0, 7.0, 370.0
526.0, 9.0, 370.0
527.0, 12.0, 368.0
528.0, 15.0, 368.0
529.0, 12.0, 367.0
530.0, 11.0, 364.0
531.0, 11.0, 364.0
532.0, 10.0, 365.0
533.0, 13.0, 365.0
534.0, 10.0, 367.0
535.0, 5.0, 367.0
536.0, 5.0, 367.0
537.0, 9.0, 370.0
538.0, 8.0, 375.0
539.0, 8.0, 375.0
540.0, 7.0, 372.0
541.0, 13.0, 372.0
542.0, 11.0, 372.0
543.0, 7.0, 370.0
544.0, 6.0, 370.0
545.0, 6.0, 370.0
546.0, 9.0, 374.0
547.0, 13.0, 368.0
548.0, 9.0, 364.0
549.0, 11.0, 362.0
550.0, 13.0, 363.0
551.0, 12.0, 367.0
552.0, 12.0, 367.0
553.0, 8.0, 368.0
554.0, 10.0, 367.0
555.0, 11.0, 363.0
556.0, 11.0, 363.0
557.0, 11.0, 369.0
558.0, 7.0, 369.0
559.0, 7.0, 369.0
560.0, 8.0, 366.0
561.0, 8.0, 366.0
562.0, 9.0, 367.0
563.0, 9.0, 367.0
564.0, 8.0, 362.0
565.0, 7.0, 367.0
566.0, 10.0, 367.0
567.0, 8.0, 367.0
568.0, 9.0, 366.0
569.0, 9.0, 366.0
570.0, 9.0, 368.0
571.0, 8.0, 367.0
572.0, 8.0, 367.0
573.0, 12.0, 361.0
574.0, 12.0, 361.0
575.0, 9.0, 361.0
576.0, 7.0, 363.0
577.0, 7.0, 363.0
578.0, 7.0, 368.0
579.0, 4.0, 364.0
580.0, 14.0, 364.0
581.0, 11.0, 364.0
582.0, 12.0, 365.0
583.0, 12.0, 365.0
584.0, 10.0, 366.0
585.0, 7.0, 364.0
586.0, 7.0, 366.0
587.0, 9.0, 366.0
588.0, 7.0, 365.0
589.0, 7.0, 365.0
590.0, 12.0, 365.0
591.0, 6.0, 362.0
592.0, 11.0, 362.0
593.0, 11.0, 362.0
594.0, 11.0, 361.0
595.0, 15.0, 359.0
596.0, 8.0, 365.0
597.0, 11.0, 368.0
598.0, 12.0, 366.0
599.0, 12.0, 366.0
600.0, 12.0, 366.0
601.0, 11.0, 358.0
602.0, 11.0, 358.0
603.0, 10.0, 356.0
604.0, 10.0, 356.0
605.0, 6.0, 366.0
606.0, 6.0, 366.0
607.0, 9.0, 362.0
608.0, 9.0, 362.0
609.0, 8.0, 361.0
610.0, 8.0, 361.0
611.0, 11.0, 365.0
612.0, 8.0, 368.0
613.0, 8.0, 374.0
614.0, 10.0, 372.0
615.0, 5.0, 371.0
616.0, 8.0, 374.0
617.0, 8.0, 374.0
618.0, 6.0, 372.0
619.0, 5.0, 373.0
620.0, 5.0, 373.0
621.0, 12.0, 372.0
622.0, 7.0, 368.0
623.0, 7.0, 368.0
624.0, 10.0, 364.0
625.0, 10.0, 364.0
626.0, 10.0, 367.0
627.0, 7.0, 363.0
628.0, 9.0, 365.0
629.0, 15.0, 368.0
630.0, 12.0, 369.0
631.0, 10.0, 369.0
632.0, 9.0, 365.0
633.0, 11.0, 367.0
634.0, 11.0, 367.0
635.0, 11.0, 363.0
636.0, 11.0, 363.0
637.0, 9.0, 366.0
638.0, 9.0, 365.0
639.0, 9.0, 365.0
640.0, 7.0, 372.0
641.0, 9.0, 365.0
642.0, 9.0, 365.0
643.0, 7.0, 366.0
644.0, 6.0, 368.0
645.0, 6.0, 368.0
646.0, 8.0, 368.0
647.0, 9.0, 375.0
648.0, 8.0, 373.0
649.0, 4.0, 371.0
650.0, 4.0, 371.0
651.0, 9.0, 370.0
652.0, 7.0, 373.0
653.0, 4.0, 368.0
654.0, 4.0, 368.0
655.0, 7.0, 369.0
656.0, 8.0, 368.0
657.0, 8.0, 368.0
658.0, 7.0, 365.0
659.0, 9.0, 366.0
660.0, 8.0, 367.0
661.0, 8.0, 367.0
662.0, 11.0, 367.0
663.0, 5.0, 364.0
664.0, 5.0, 364.0
665.0, 9.0, 363.0
666.0, 9.0, 363.0
667.0, 8.0, 363.0
668.0, 9.0, 366.0
669.0, 10.0, 369.0
670.0, 10.0, 369.0
671.0, 8.0, 368.0
672.0, 8.0, 368.0
673.0, 13.0, 366.0
674.0, 18.0, 367.0
675.0, 18.0, 367.0
676.0, 10.0, 367.0
677.0, 10.0, 370.0
678.0, 10.0, 370.0
679.0, 7.0, 371.0
680.0, 10.0, 370.0
681.0, 10.0, 370.0
682.0, 11.0, 365.0
683.0, 11.0, 361.0
684.0, 9.0, 361.0
685.0, 13.0, 361.0
686.0, 13.0, 361.0
687.0, 10.0, 364.0
688.0, 10.0, 364.0
689.0, 10.0, 362.0
690.0, 8.0, 368.0
691.0, 9.0, 369.0
692.0, 9.0, 369.0
693.0, 7.0, 371.0
694.0, 12.0, 369.0
695.0, 7.0, 368.0
696.0, 12.0, 366.0
697.0, 13.0, 369.0
698.0, 12.0, 370.0
699.0, 7.0, 369.0
700.0, 7.0, 369.0
701.0, 8.0, 366.0
702.0, 8.0, 366.0
703.0, 12.0, 364.0
704.0, 12.0, 364.0
705.0, 7.0, 359.0
706.0, 8.0, 363.0
707.0, 6.0, 369.0
708.0, 6.0, 369.0
709.0, 9.0, 372.0
710.0, 9.0, 372.0
711.0, 7.0, 372.0
712.0, 12.0, 364.0
713.0, 14.0, 361.0
714.0, 14.0, 361.0
715.0, 12.0, 363.0
716.0, 9.0, 368.0
717.0, 9.0, 368.0
718.0, 14.0, 369.0
719.0, 7.0, 369.0
720.0, 7.0, 369.0
721.0, 13.0, 368.0
722.0, 6.0, 367.0
723.0, 5.0, 372.0
724.0, 5.0, 372.0
725.0, 9.0, 371.0
726.0, 13.0, 370.0
727.0, 7.0, 366.0
728.0, 7.0, 366.0
729.0, 14.0, 368.0
730.0, 13.0, 366.0
731.0, 13.0, 366.0
732.0, 12.0, 365.0
733.0, 5.0, 368.0
734.0, 6.0, 370.0
735.0, 6.0, 370.0
736.0, 8.0, 369.0
737.0, 11.0, 371.0
738.0, 9.0, 370.0
739.0, 7.0, 366.0
740.0, 6.0, 365.0
741.0, 6.0, 365.0
742.0, 8.0, 365.0
743.0, 14.0, 367.0
744.0, 8.0, 367.0
745.0, 8.0, 367.0
746.0, 8.0, 371.0
747.0, 8.0, 371.0
748.0, 10.0, 371.0
749.0, 10.0, 371.0
750.0, 11.0, 370.0
751.0, 10.0, 369.0
752.0, 10.0, 369.0
753.0, 7.0, 369.0
754.0, 9.0, 369.0
755.0, 7.0, 369.0
756.0, 10.0, 372.0
757.0, 5.0, 371.0
758.0, 5.0, 371.0
759.0, 7.0, 370.0
760.0, 7.0, 370.0
761.0, 9.0, 367.0
762.0, 11.0, 368.0
763.0, 9.0, 368.0
764.0, 9.0, 367.0
765.0, 9.0, 363.0
766.0, 9.0, 363.0
767.0, 9.0, 369.0
768.0, 7.0, 369.0
769.0, 7.0, 369.0
770.0, 9.0, 363.0
771.0, 10.0, 365.0
772.0, 10.0, 365.0
773.0, 8.0, 365.0
774.0, 8.0, 365.0
775.0, 16.0, 364.0
776.0, 16.0, 364.0
777.0, 14.0, 361.0
778.0, 12.0, 364.0
779.0, 11.0, 363.0
780.0, 12.0, 360.0
781.0, 13.0, 359.0
782.0, 14.0, 367.0
783.0, 14.0, 367.0
784.0, 10.0, 369.0
785.0, 6.0, 372.0
786.0, 9.0, 371.0
787.0, 7.0, 369.0
788.0, 3.0, 374.0
789.0, 3.0, 374.0
790.0, 7.0, 375.0
791.0, 7.0, 373.0
792.0, 7.0, 371.0
793.0, 7.0, 371.0
794.0, 9.0, 372.0
795.0, 9.0, 372.0
796.0, 5.0, 372.0
797.0, 5.0, 372.0
798.0, 7.0, 375.0
799.0, 7.0, 375.0
800.0, 7.0, 373.0
801.0, 7.0, 371.0
802.0, 6.0, 374.0
803.0, 6.0, 374.0
804.0, 9.0, 371.0
805.0, 10.0, 365.0
806.0, 8.0, 369.0
807.0, 6.0, 367.0
808.0, 6.0, 366.0
809.0, 9.0, 367.0
810.0, 9.0, 367.0
811.0, 7.0, 366.0
812.0, 7.0, 366.0
813.0, 7.0, 367.0
814.0, 6.0, 363.0
815.0, 8.0, 368.0
816.0, 10.0, 369.0
817.0, 10.0, 372.0
818.0, 10.0, 372.0
819.0, 6.0, 367.0
820.0, 6.0, 369.0
821.0, 10.0, 367.0
822.0, 10.0, 367.0
823.0, 8.0, 368.0
824.0, 7.0, 365.0
825.0, 9.0, 362.0
826.0, 13.0, 359.0
827.0, 13.0, 359.0
828.0, 12.0, 360.0
829.0, 12.0, 362.0
830.0, 12.0, 362.0
831.0, 14.0, 365.0
832.0, 14.0, 365.0
833.0, 12.0, 364.0
834.0, 8.0, 371.0
835.0, 13.0, 367.0
836.0, 13.0, 367.0
837.0, 10.0, 365.0
838.0, 9.0, 369.0
839.0, 9.0, 374.0
840.0, 9.0, 376.0
841.0, 9.0, 369.0
842.0, 7.0, 370.0
843.0, 7.0, 370.0
844.0, 7.0, 375.0
845.0, 7.0, 375.0
846.0, 8.0, 375.0
847.0, 5.0, 369.0
848.0, 5.0, 369.0
849.0, 2.0, 370.0
850.0, 8.0, 370.0
851.0, 10.0, 370.0
852.0, 5.0, 373.0
853.0, 5.0, 373.0
854.0, 6.0, 374.0
855.0, 6.0, 374.0
856.0, 8.0, 377.0
857.0, 5.0, 379.0
858.0, 5.0, 379.0
859.0, 8.0, 376.0
860.0, 8.0, 376.0
861.0, 8.0, 374.0
862.0, 8.0, 374.0
863.0, 8.0, 374.0
864.0, 7.0, 374.0
865.0, 8.0, 372.0
866.0, 9.0, 372.0
867.0, 9.0, 372.0
868.0, 7.0, 369.0
869.0, 10.0, 370.0
870.0, 8.0, 370.0
871.0, 8.0, 370.0
872.0, 13.0, 370.0
873.0, 7.0, 369.0
874.0, 8.0, 370.0
875.0, 8.0, 370.0
876.0, 6.0, 371.0
877.0, 6.0, 371.0
878.0, 8.0, 372.0
879.0, 8.0, 375.0
880.0, 8.0, 375.0
881.0, 8.0, 371.0
882.0, 7.0, 368.0
883.0, 7.0, 368.0
884.0, 11.0, 368.0
885.0, 9.0, 366.0
886.0, 10.0, 368.0
887.0, 10.0, 368.0
888.0, 8.0, 367.0
889.0, 8.0, 367.0
890.0, 5.0, 369.0
891.0, 13.0, 359.0
892.0, 13.0, 359.0
893.0, 13.0, 361.0
894.0, 12.0, 357.0
895.0, 11.0, 360.0
896.0, 11.0, 360.0
897.0, 13.0, 364.0
898.0, 13.0, 364.0
899.0, 8.0, 367.0
900.0, 5.0, 369.0
901.0, 5.0, 369.0
902.0, 7.0, 369.0
903.0, 6.0, 370.0
904.0, 11.0, 369.0
905.0, 9.0, 370.0
906.0, 9.0, 370.0
907.0, 8.0, 367.0
908.0, 9.0, 366.0
909.0, 9.0, 366.0
910.0, 10.0, 366.0
911.0, 10.0, 366.0
912.0, 5.0, 368.0
913.0, 5.0, 368.0
914.0, 14.0, 368.0
915.0, 10.0, 369.0
916.0, 6.0, 365.0
917.0, 7.0, 370.0
918.0, 7.0, 370.0
919.0, 7.0, 367.0
920.0, 7.0, 365.0
921.0, 7.0, 365.0
922.0, 12.0, 365.0
923.0, 12.0, 366.0
924.0, 12.0, 366.0
925.0, 11.0, 372.0
926.0, 11.0, 372.0
927.0, 9.0, 368.0
928.0, 9.0, 368.0
929.0, 7.0, 371.0
930.0, 7.0, 371.0
931.0, 6.0, 372.0
932.0, 12.0, 371.0
933.0, 7.0, 372.0
934.0, 10.0, 372.0
935.0, 10.0, 372.0
936.0, 10.0, 372.0
937.0, 8.0, 370.0
938.0, 5.0, 374.0
939.0, 6.0, 370.0
940.0, 6.0, 370.0
941.0, 5.0, 368.0
942.0, 9.0, 360.0
943.0, 13.0, 357.0
944.0, 13.0, 359.0
945.0, 13.0, 359.0
946.0, 12.0, 355.0
947.0, 12.0, 355.0
948.0, 16.0, 352.0
949.0, 13.0, 357.0
950.0, 15.0, 357.0
951.0, 11.0, 360.0
952.0, 11.0, 360.0
953.0, 12.0, 366.0
954.0, 13.0, 366.0
955.0, 16.0, 367.0
956.0, 5.0, 372.0
957.0, 6.0, 375.0
958.0, 6.0, 375.0
959.0, 10.0, 373.0
960.0, 10.0, 373.0
961.0, 9.0, 370.0
962.0, 9.0, 370.0
963.0, 8.0, 367.0
964.0, 8.0, 367.0
965.0, 7.0, 365.0
966.0, 7.0, 370.0
967.0, 7.0, 370.0
968.0, 9.0, 369.0
969.0, 11.0, 367.0
970.0, 11.0, 367.0
971.0, 9.0, 364.0
972.0, 8.0, 364.0
973.0, 14.0, 360.0
974.0, 14.0, 360.0
975.0, 15.0, 356.0
976.0, 15.0, 356.0
977.0, 8.0, 364.0
978.0, 7.0, 363.0
979.0, 7.0, 363.0
980.0, 11.0, 365.0
981.0, 9.0, 365.0
982.0, 16.0, 363.0
983.0, 9.0, 370.0
984.0, 9.0, 370.0
985.0, 10.0, 367.0
986.0, 10.0, 374.0
987.0, 10.0, 374.0
988.0, 5.0, 378.0
989.0, 5.0, 368.0
990.0, 4.0, 372.0
991.0, 7.0, 375.0
992.0, 5.0, 377.0
993.0, 5.0, 377.0
994.0, 6.0, 371.0
995.0, 5.0, 372.0
996.0, 5.0, 372.0
997.0, 9.0, 369.0
998.0, 10.0, 367.0
999.0, 6.0, 365.0
1000.0, 6.0, 371.0
1001.0, 6.0, 371.0
1002.0, 7.0, 366.0
1003.0, 9.0, 364.0
1004.0, 10.0, 359.0
1005.0, 10.0, 359.0
1006.0, 9.0, 357.0
1007.0, 11.0, 360.0
1008.0, 15.0, 362.0
1009.0, 13.0, 360.0
1010.0, 13.0, 361.0
1011.0, 13.0, 361.0
1012.0, 16.0, 362.0
1013.0, 11.0, 369.0
1014.0, 11.0, 369.0
1015.0, 9.0, 374.0
1016.0, 10.0, 370.0
1017.0, 10.0, 370.0
1018.0, 8.0, 370.0
1019.0, 6.0, 368.0
1020.0, 7.0, 365.0
1021.0, 12.0, 365.0
1022.0, 8.0, 369.0
1023.0, 8.0, 369.0
1024.0, 8.0, 371.0
1025.0, 13.0, 370.0
1026.0, 13.0, 370.0
1027.0, 10.0, 369.0
1028.0, 7.0, 369.0
1029.0, 8.0, 368.0
1030.0, 11.0, 363.0
1031.0, 14.0, 360.0
1032.0, 10.0, 357.0
1033.0, 13.0, 357.0
1034.0, 14.0, 359.0
1035.0, 14.0, 359.0
1036.0, 16.0, 353.0
1037.0, 13.0, 355.0
1038.0, 13.0, 355.0
1039.0, 14.0, 360.0
1040.0, 14.0, 360.0
1041.0, 7.0, 367.0
1042.0, 8.0, 370.0
1043.0, 8.0, 370.0
1044.0, 14.0, 369.0
1045.0, 12.0, 367.0
1046.0, 11.0, 367.0
1047.0, 11.0, 367.0
1048.0, 8.0, 369.0
1049.0, 12.0, 367.0
1050.0, 11.0, 368.0
1051.0, 11.0, 368.0
1052.0, 7.0, 369.0
1053.0, 10.0, 370.0
1054.0, 10.0, 370.0
1055.0, 6.0, 373.0
1056.0, 6.0, 370.0
1057.0, 6.0, 370.0
1058.0, 8.0, 366.0
1059.0, 9.0, 366.0
1060.0, 12.0, 365.0
1061.0, 12.0, 366.0
1062.0, 12.0, 366.0
1063.0, 11.0, 368.0
1064.0, 11.0, 368.0
1065.0, 5.0, 369.0
1066.0, 5.0, 369.0
1067.0, 4.0, 368.0
1068.0, 3.0, 366.0
1069.0, 13.0, 357.0
1070.0, 13.0, 357.0
1071.0, 13.0, 365.0
1072.0, 9.0, 366.0
1073.0, 2.0, 369.0
1074.0, 2.0, 369.0
1075.0, 10.0, 359.0
1076.0, 9.0, 360.0
1077.0, 9.0, 360.0
1078.0, 9.0, 355.0
1079.0, 9.0, 355.0
1080.0, 13.0, 352.0
1081.0, 10.0, 354.0
1082.0, 10.0, 354.0
1083.0, 17.0, 359.0
1084.0, 17.0, 359.0
1085.0, 9.0, 360.0
1086.0, 7.0, 365.0
1087.0, 9.0, 361.0
1088.0, 9.0, 361.0
1089.0, 12.0, 362.0
1090.0, 16.0, 367.0
