"tick", "Number of grass tile", "Number of rabbits"
1.0, 18.0, 53.0
2.0, 28.0, 50.0
3.0, 28.0, 50.0
4.0, 38.0, 47.0
5.0, 46.0, 45.0
6.0, 54.0, 39.0
7.0, 74.0, 32.0
8.0, 83.0, 29.0
9.0, 83.0, 29.0
10.0, 91.0, 28.0
11.0, 106.0, 23.0
12.0, 106.0, 23.0
13.0, 122.0, 19.0
14.0, 131.0, 17.0
15.0, 131.0, 17.0
16.0, 140.0, 16.0
17.0, 149.0, 15.0
18.0, 166.0, 14.0
19.0, 166.0, 14.0
20.0, 175.0, 13.0
21.0, 185.0, 10.0
22.0, 204.0, 8.0
23.0, 214.0, 5.0
24.0, 214.0, 5.0
25.0, 232.0, 3.0
26.0, 242.0, 3.0
27.0, 251.0, 3.0
28.0, 261.0, 3.0
29.0, 271.0, 3.0
30.0, 271.0, 3.0
31.0, 290.0, 3.0
32.0, 290.0, 3.0
33.0, 300.0, 3.0
34.0, 319.0, 3.0
35.0, 329.0, 2.0
36.0, 339.0, 2.0
37.0, 339.0, 2.0
38.0, 349.0, 2.0
39.0, 368.0, 2.0
40.0, 368.0, 2.0
41.0, 388.0, 2.0
42.0, 397.0, 2.0
43.0, 397.0, 2.0
44.0, 416.0, 2.0
45.0, 426.0, 2.0
46.0, 435.0, 2.0
47.0, 445.0, 1.0
48.0, 445.0, 1.0
49.0, 464.0, 1.0
50.0, 474.0, 1.0
51.0, 484.0, 1.0
52.0, 493.0, 1.0
53.0, 503.0, 1.0
54.0, 513.0, 1.0
55.0, 513.0, 1.0
56.0, 523.0, 1.0
57.0, 542.0, 1.0
58.0, 551.0, 1.0
59.0, 551.0, 1.0
60.0, 571.0, 2.0
61.0, 571.0, 2.0
62.0, 590.0, 1.0
63.0, 590.0, 1.0
64.0, 600.0, 1.0
65.0, 620.0, 1.0
66.0, 620.0, 1.0
67.0, 630.0, 1.0
68.0, 649.0, 1.0
69.0, 649.0, 1.0
70.0, 659.0, 1.0
71.0, 669.0, 1.0
72.0, 679.0, 1.0
73.0, 689.0, 1.0
74.0, 699.0, 1.0
75.0, 719.0, 1.0
76.0, 719.0, 1.0
77.0, 729.0, 1.0
78.0, 739.0, 1.0
79.0, 749.0, 1.0
80.0, 769.0, 1.0
81.0, 769.0, 1.0
82.0, 789.0, 1.0
83.0, 798.0, 1.0
84.0, 798.0, 1.0
85.0, 817.0, 1.0
86.0, 826.0, 1.0
87.0, 836.0, 1.0
88.0, 845.0, 1.0
89.0, 855.0, 1.0
90.0, 855.0, 1.0
91.0, 873.0, 2.0
92.0, 882.0, 2.0
93.0, 891.0, 2.0
94.0, 900.0, 2.0
95.0, 900.0, 2.0
96.0, 919.0, 2.0
97.0, 929.0, 3.0
98.0, 929.0, 3.0
99.0, 947.0, 3.0
100.0, 947.0, 3.0
101.0, 963.0, 4.0
102.0, 963.0, 4.0
103.0, 976.0, 6.0
104.0, 982.0, 6.0
105.0, 982.0, 6.0
106.0, 991.0, 6.0
107.0, 1008.0, 7.0
108.0, 1015.0, 7.0
109.0, 1024.0, 8.0
110.0, 1024.0, 8.0
111.0, 1040.0, 8.0
112.0, 1040.0, 8.0
113.0, 1058.0, 7.0
114.0, 1058.0, 7.0
115.0, 1066.0, 7.0
116.0, 1073.0, 7.0
117.0, 1086.0, 9.0
118.0, 1086.0, 9.0
119.0, 1102.0, 9.0
120.0, 1102.0, 9.0
121.0, 1110.0, 9.0
122.0, 1121.0, 11.0
123.0, 1130.0, 11.0
124.0, 1130.0, 11.0
125.0, 1147.0, 10.0
126.0, 1147.0, 10.0
127.0, 1155.0, 10.0
128.0, 1169.0, 10.0
129.0, 1169.0, 10.0
130.0, 1176.0, 11.0
131.0, 1180.0, 12.0
132.0, 1191.0, 13.0
133.0, 1197.0, 13.0
134.0, 1197.0, 13.0
135.0, 1209.0, 15.0
136.0, 1209.0, 15.0
137.0, 1220.0, 16.0
138.0, 1226.0, 17.0
139.0, 1226.0, 17.0
140.0, 1229.0, 18.0
141.0, 1233.0, 18.0
142.0, 1233.0, 18.0
143.0, 1236.0, 21.0
144.0, 1241.0, 24.0
145.0, 1241.0, 24.0
146.0, 1237.0, 28.0
147.0, 1237.0, 28.0
148.0, 1241.0, 30.0
149.0, 1236.0, 30.0
150.0, 1235.0, 34.0
151.0, 1235.0, 34.0
152.0, 1225.0, 36.0
153.0, 1220.0, 39.0
154.0, 1212.0, 44.0
155.0, 1212.0, 44.0
156.0, 1200.0, 46.0
157.0, 1195.0, 55.0
158.0, 1186.0, 56.0
159.0, 1175.0, 57.0
160.0, 1159.0, 63.0
161.0, 1159.0, 63.0
162.0, 1135.0, 74.0
163.0, 1125.0, 75.0
164.0, 1116.0, 74.0
165.0, 1116.0, 74.0
166.0, 1106.0, 75.0
167.0, 1085.0, 80.0
168.0, 1074.0, 82.0
169.0, 1059.0, 85.0
170.0, 1046.0, 88.0
171.0, 1046.0, 88.0
172.0, 1029.0, 92.0
173.0, 1009.0, 91.0
174.0, 978.0, 94.0
175.0, 978.0, 94.0
176.0, 965.0, 101.0
177.0, 926.0, 105.0
178.0, 906.0, 111.0
179.0, 906.0, 111.0
180.0, 880.0, 113.0
181.0, 838.0, 122.0
182.0, 838.0, 122.0
183.0, 797.0, 125.0
184.0, 797.0, 125.0
185.0, 756.0, 133.0
186.0, 756.0, 133.0
187.0, 710.0, 133.0
188.0, 685.0, 135.0
189.0, 669.0, 138.0
190.0, 646.0, 140.0
191.0, 646.0, 140.0
192.0, 621.0, 139.0
193.0, 602.0, 140.0
194.0, 548.0, 141.0
195.0, 548.0, 141.0
196.0, 521.0, 145.0
197.0, 505.0, 145.0
198.0, 466.0, 148.0
199.0, 451.0, 146.0
200.0, 431.0, 146.0
201.0, 418.0, 142.0
202.0, 403.0, 142.0
203.0, 386.0, 143.0
204.0, 386.0, 143.0
205.0, 357.0, 141.0
206.0, 357.0, 141.0
207.0, 343.0, 145.0
208.0, 325.0, 131.0
209.0, 325.0, 131.0
210.0, 322.0, 126.0
211.0, 310.0, 120.0
212.0, 302.0, 112.0
213.0, 295.0, 108.0
214.0, 289.0, 104.0
215.0, 284.0, 96.0
216.0, 284.0, 96.0
217.0, 268.0, 90.0
218.0, 264.0, 87.0
219.0, 262.0, 84.0
220.0, 262.0, 84.0
221.0, 261.0, 79.0
222.0, 255.0, 77.0
223.0, 253.0, 73.0
224.0, 253.0, 73.0
225.0, 262.0, 72.0
226.0, 267.0, 64.0
227.0, 267.0, 64.0
228.0, 267.0, 59.0
229.0, 269.0, 60.0
230.0, 269.0, 60.0
231.0, 272.0, 55.0
232.0, 272.0, 55.0
233.0, 281.0, 48.0
234.0, 281.0, 48.0
235.0, 286.0, 44.0
236.0, 291.0, 44.0
237.0, 291.0, 44.0
238.0, 297.0, 40.0
239.0, 297.0, 40.0
240.0, 310.0, 38.0
241.0, 316.0, 38.0
242.0, 316.0, 38.0
243.0, 323.0, 36.0
244.0, 323.0, 36.0
245.0, 335.0, 32.0
246.0, 335.0, 32.0
247.0, 345.0, 32.0
248.0, 348.0, 29.0
249.0, 354.0, 29.0
250.0, 363.0, 28.0
251.0, 363.0, 28.0
252.0, 371.0, 26.0
253.0, 378.0, 24.0
254.0, 385.0, 21.0
255.0, 389.0, 20.0
256.0, 402.0, 19.0
257.0, 402.0, 19.0
258.0, 409.0, 18.0
259.0, 423.0, 17.0
260.0, 423.0, 17.0
261.0, 430.0, 16.0
262.0, 446.0, 17.0
263.0, 454.0, 16.0
264.0, 454.0, 16.0
265.0, 463.0, 17.0
266.0, 470.0, 17.0
267.0, 476.0, 17.0
268.0, 476.0, 17.0
269.0, 493.0, 17.0
270.0, 501.0, 16.0
271.0, 510.0, 16.0
272.0, 510.0, 16.0
273.0, 514.0, 16.0
274.0, 525.0, 13.0
275.0, 530.0, 14.0
276.0, 530.0, 14.0
277.0, 537.0, 15.0
278.0, 551.0, 18.0
279.0, 551.0, 18.0
280.0, 567.0, 17.0
281.0, 576.0, 16.0
282.0, 576.0, 16.0
283.0, 580.0, 16.0
284.0, 585.0, 15.0
285.0, 597.0, 16.0
286.0, 597.0, 16.0
287.0, 604.0, 16.0
288.0, 611.0, 16.0
289.0, 628.0, 16.0
290.0, 628.0, 16.0
291.0, 637.0, 15.0
292.0, 637.0, 15.0
293.0, 648.0, 16.0
294.0, 648.0, 16.0
295.0, 654.0, 17.0
296.0, 667.0, 16.0
297.0, 674.0, 17.0
298.0, 680.0, 15.0
299.0, 680.0, 15.0
300.0, 683.0, 15.0
301.0, 695.0, 16.0
302.0, 695.0, 16.0
303.0, 701.0, 17.0
304.0, 703.0, 17.0
305.0, 706.0, 18.0
306.0, 718.0, 19.0
307.0, 718.0, 19.0
308.0, 727.0, 20.0
309.0, 731.0, 20.0
310.0, 731.0, 20.0
311.0, 739.0, 20.0
312.0, 753.0, 20.0
313.0, 758.0, 21.0
314.0, 758.0, 21.0
315.0, 765.0, 20.0
316.0, 773.0, 20.0
317.0, 780.0, 21.0
318.0, 780.0, 21.0
319.0, 784.0, 22.0
320.0, 792.0, 22.0
321.0, 796.0, 22.0
322.0, 800.0, 22.0
323.0, 800.0, 22.0
324.0, 805.0, 26.0
325.0, 806.0, 27.0
326.0, 806.0, 27.0
327.0, 809.0, 30.0
328.0, 811.0, 29.0
329.0, 811.0, 29.0
330.0, 815.0, 30.0
331.0, 815.0, 30.0
332.0, 820.0, 32.0
333.0, 820.0, 32.0
334.0, 820.0, 36.0
335.0, 818.0, 36.0
336.0, 813.0, 37.0
337.0, 813.0, 37.0
338.0, 814.0, 38.0
339.0, 814.0, 38.0
340.0, 818.0, 39.0
341.0, 818.0, 39.0
342.0, 816.0, 41.0
343.0, 817.0, 45.0
344.0, 811.0, 45.0
345.0, 809.0, 45.0
346.0, 809.0, 48.0
347.0, 808.0, 47.0
348.0, 802.0, 49.0
349.0, 796.0, 48.0
350.0, 796.0, 48.0
351.0, 789.0, 51.0
352.0, 781.0, 53.0
353.0, 767.0, 57.0
354.0, 767.0, 57.0
355.0, 751.0, 63.0
356.0, 738.0, 65.0
357.0, 738.0, 65.0
358.0, 723.0, 74.0
359.0, 711.0, 77.0
360.0, 707.0, 78.0
361.0, 699.0, 78.0
362.0, 699.0, 78.0
363.0, 685.0, 79.0
364.0, 685.0, 79.0
365.0, 675.0, 80.0
366.0, 660.0, 83.0
367.0, 652.0, 84.0
368.0, 652.0, 84.0
369.0, 646.0, 86.0
370.0, 625.0, 88.0
371.0, 625.0, 88.0
372.0, 620.0, 86.0
373.0, 616.0, 87.0
374.0, 599.0, 80.0
375.0, 599.0, 80.0
376.0, 587.0, 78.0
377.0, 578.0, 80.0
378.0, 573.0, 79.0
379.0, 568.0, 76.0
380.0, 568.0, 76.0
381.0, 549.0, 82.0
382.0, 549.0, 82.0
383.0, 542.0, 82.0
384.0, 526.0, 84.0
385.0, 519.0, 85.0
386.0, 505.0, 85.0
387.0, 496.0, 86.0
388.0, 496.0, 86.0
389.0, 488.0, 86.0
390.0, 467.0, 87.0
391.0, 459.0, 87.0
392.0, 459.0, 87.0
393.0, 452.0, 91.0
394.0, 452.0, 91.0
395.0, 447.0, 90.0
396.0, 443.0, 88.0
397.0, 441.0, 85.0
398.0, 433.0, 83.0
399.0, 433.0, 83.0
400.0, 428.0, 79.0
401.0, 422.0, 77.0
402.0, 420.0, 72.0
403.0, 415.0, 70.0
404.0, 416.0, 68.0
405.0, 408.0, 67.0
406.0, 408.0, 67.0
407.0, 409.0, 64.0
408.0, 408.0, 62.0
409.0, 408.0, 62.0
410.0, 411.0, 60.0
411.0, 414.0, 54.0
412.0, 414.0, 54.0
413.0, 415.0, 53.0
414.0, 413.0, 51.0
415.0, 418.0, 52.0
416.0, 418.0, 51.0
417.0, 418.0, 51.0
418.0, 420.0, 50.0
419.0, 420.0, 49.0
420.0, 421.0, 45.0
421.0, 425.0, 42.0
422.0, 424.0, 41.0
423.0, 424.0, 41.0
424.0, 428.0, 39.0
425.0, 429.0, 39.0
426.0, 434.0, 40.0
427.0, 444.0, 40.0
428.0, 447.0, 40.0
429.0, 447.0, 40.0
430.0, 447.0, 40.0
431.0, 456.0, 41.0
432.0, 456.0, 41.0
433.0, 467.0, 38.0
434.0, 467.0, 38.0
435.0, 472.0, 36.0
436.0, 474.0, 36.0
437.0, 474.0, 36.0
438.0, 479.0, 35.0
439.0, 479.0, 35.0
440.0, 486.0, 35.0
441.0, 498.0, 33.0
442.0, 498.0, 33.0
443.0, 504.0, 31.0
444.0, 504.0, 31.0
445.0, 503.0, 30.0
446.0, 506.0, 31.0
447.0, 510.0, 31.0
448.0, 522.0, 31.0
449.0, 522.0, 31.0
450.0, 529.0, 30.0
451.0, 531.0, 31.0
452.0, 535.0, 30.0
453.0, 541.0, 30.0
454.0, 541.0, 30.0
455.0, 550.0, 30.0
456.0, 550.0, 30.0
457.0, 555.0, 30.0
458.0, 566.0, 26.0
459.0, 572.0, 25.0
460.0, 581.0, 24.0
461.0, 581.0, 24.0
462.0, 597.0, 24.0
463.0, 602.0, 22.0
464.0, 602.0, 22.0
465.0, 616.0, 20.0
466.0, 622.0, 17.0
467.0, 622.0, 17.0
468.0, 630.0, 17.0
469.0, 639.0, 17.0
470.0, 655.0, 15.0
471.0, 655.0, 15.0
472.0, 664.0, 14.0
473.0, 673.0, 14.0
474.0, 678.0, 13.0
475.0, 693.0, 13.0
476.0, 693.0, 13.0
477.0, 708.0, 14.0
478.0, 715.0, 12.0
479.0, 722.0, 12.0
480.0, 722.0, 12.0
481.0, 728.0, 11.0
482.0, 741.0, 10.0
483.0, 747.0, 10.0
484.0, 756.0, 11.0
485.0, 763.0, 11.0
486.0, 768.0, 12.0
487.0, 768.0, 12.0
488.0, 775.0, 13.0
489.0, 788.0, 12.0
490.0, 788.0, 12.0
491.0, 792.0, 12.0
492.0, 798.0, 13.0
493.0, 806.0, 15.0
494.0, 806.0, 15.0
495.0, 813.0, 17.0
496.0, 818.0, 20.0
497.0, 818.0, 20.0
498.0, 828.0, 22.0
499.0, 831.0, 23.0
500.0, 833.0, 23.0
501.0, 837.0, 22.0
502.0, 837.0, 22.0
503.0, 841.0, 26.0
504.0, 845.0, 27.0
505.0, 848.0, 27.0
506.0, 848.0, 27.0
507.0, 853.0, 26.0
508.0, 865.0, 26.0
509.0, 870.0, 25.0
510.0, 873.0, 24.0
511.0, 877.0, 26.0
512.0, 879.0, 26.0
513.0, 879.0, 26.0
514.0, 881.0, 28.0
515.0, 879.0, 28.0
516.0, 879.0, 28.0
517.0, 885.0, 31.0
518.0, 885.0, 31.0
519.0, 888.0, 32.0
520.0, 889.0, 33.0
521.0, 889.0, 33.0
522.0, 890.0, 36.0
523.0, 890.0, 39.0
524.0, 893.0, 41.0
525.0, 886.0, 41.0
526.0, 884.0, 43.0
527.0, 884.0, 45.0
528.0, 882.0, 46.0
529.0, 872.0, 48.0
530.0, 847.0, 51.0
531.0, 847.0, 51.0
532.0, 837.0, 57.0
533.0, 831.0, 58.0
534.0, 815.0, 67.0
535.0, 808.0, 67.0
536.0, 808.0, 67.0
537.0, 795.0, 71.0
538.0, 764.0, 78.0
539.0, 764.0, 78.0
540.0, 754.0, 81.0
541.0, 742.0, 81.0
542.0, 723.0, 87.0
543.0, 706.0, 88.0
544.0, 694.0, 90.0
545.0, 694.0, 90.0
546.0, 680.0, 89.0
547.0, 645.0, 97.0
548.0, 633.0, 97.0
549.0, 614.0, 102.0
550.0, 595.0, 107.0
551.0, 580.0, 109.0
552.0, 580.0, 109.0
553.0, 550.0, 113.0
554.0, 532.0, 113.0
555.0, 514.0, 113.0
556.0, 514.0, 113.0
557.0, 504.0, 116.0
558.0, 483.0, 114.0
559.0, 483.0, 114.0
560.0, 462.0, 114.0
561.0, 462.0, 114.0
562.0, 443.0, 108.0
563.0, 443.0, 108.0
564.0, 431.0, 110.0
565.0, 422.0, 110.0
566.0, 412.0, 104.0
567.0, 407.0, 104.0
568.0, 397.0, 103.0
569.0, 397.0, 103.0
570.0, 381.0, 101.0
571.0, 375.0, 103.0
572.0, 375.0, 103.0
573.0, 367.0, 94.0
574.0, 367.0, 94.0
575.0, 363.0, 89.0
576.0, 361.0, 85.0
577.0, 361.0, 85.0
578.0, 356.0, 82.0
579.0, 356.0, 78.0
580.0, 353.0, 70.0
581.0, 357.0, 66.0
582.0, 357.0, 58.0
583.0, 357.0, 58.0
584.0, 359.0, 58.0
585.0, 356.0, 54.0
586.0, 362.0, 53.0
587.0, 364.0, 51.0
588.0, 366.0, 51.0
589.0, 366.0, 51.0
590.0, 366.0, 48.0
591.0, 368.0, 48.0
592.0, 371.0, 48.0
593.0, 371.0, 48.0
594.0, 375.0, 47.0
595.0, 377.0, 46.0
596.0, 388.0, 40.0
597.0, 395.0, 39.0
598.0, 400.0, 39.0
599.0, 406.0, 37.0
600.0, 406.0, 37.0
601.0, 413.0, 37.0
602.0, 413.0, 37.0
603.0, 412.0, 34.0
604.0, 412.0, 34.0
605.0, 416.0, 35.0
606.0, 416.0, 35.0
607.0, 422.0, 32.0
608.0, 422.0, 32.0
609.0, 433.0, 30.0
610.0, 433.0, 30.0
611.0, 440.0, 29.0
612.0, 442.0, 29.0
613.0, 454.0, 26.0
614.0, 462.0, 26.0
615.0, 470.0, 26.0
616.0, 473.0, 26.0
617.0, 473.0, 26.0
618.0, 480.0, 24.0
619.0, 493.0, 23.0
620.0, 493.0, 23.0
621.0, 500.0, 23.0
622.0, 504.0, 23.0
623.0, 504.0, 23.0
624.0, 519.0, 23.0
625.0, 519.0, 23.0
626.0, 527.0, 22.0
627.0, 534.0, 20.0
628.0, 542.0, 21.0
629.0, 545.0, 20.0
630.0, 551.0, 19.0
631.0, 564.0, 19.0
632.0, 571.0, 19.0
633.0, 579.0, 20.0
634.0, 579.0, 20.0
635.0, 592.0, 19.0
636.0, 592.0, 19.0
637.0, 600.0, 14.0
638.0, 616.0, 15.0
639.0, 616.0, 15.0
640.0, 631.0, 14.0
641.0, 640.0, 13.0
642.0, 640.0, 13.0
643.0, 658.0, 12.0
644.0, 666.0, 12.0
645.0, 666.0, 12.0
646.0, 671.0, 12.0
647.0, 678.0, 12.0
648.0, 684.0, 13.0
649.0, 701.0, 12.0
650.0, 701.0, 12.0
651.0, 706.0, 13.0
652.0, 713.0, 13.0
653.0, 725.0, 14.0
654.0, 725.0, 14.0
655.0, 733.0, 14.0
656.0, 745.0, 13.0
657.0, 745.0, 13.0
658.0, 761.0, 13.0
659.0, 767.0, 13.0
660.0, 775.0, 14.0
661.0, 775.0, 14.0
662.0, 781.0, 14.0
663.0, 792.0, 14.0
664.0, 792.0, 14.0
665.0, 807.0, 15.0
666.0, 807.0, 15.0
667.0, 817.0, 14.0
668.0, 828.0, 14.0
669.0, 835.0, 14.0
670.0, 835.0, 14.0
671.0, 852.0, 14.0
672.0, 852.0, 14.0
673.0, 864.0, 14.0
674.0, 872.0, 16.0
675.0, 872.0, 16.0
676.0, 878.0, 15.0
677.0, 890.0, 14.0
678.0, 890.0, 14.0
679.0, 896.0, 15.0
680.0, 910.0, 15.0
681.0, 910.0, 15.0
682.0, 917.0, 15.0
683.0, 920.0, 16.0
684.0, 926.0, 17.0
685.0, 935.0, 18.0
686.0, 935.0, 18.0
687.0, 942.0, 20.0
688.0, 942.0, 20.0
689.0, 946.0, 21.0
690.0, 945.0, 23.0
691.0, 956.0, 24.0
692.0, 956.0, 24.0
693.0, 955.0, 26.0
694.0, 952.0, 27.0
695.0, 948.0, 31.0
696.0, 941.0, 34.0
697.0, 944.0, 37.0
698.0, 939.0, 38.0
699.0, 936.0, 42.0
700.0, 936.0, 42.0
701.0, 936.0, 42.0
702.0, 936.0, 42.0
703.0, 934.0, 42.0
704.0, 934.0, 42.0
705.0, 933.0, 45.0
706.0, 929.0, 47.0
707.0, 927.0, 49.0
708.0, 927.0, 49.0
709.0, 921.0, 50.0
710.0, 921.0, 50.0
711.0, 916.0, 52.0
712.0, 897.0, 54.0
713.0, 887.0, 58.0
714.0, 887.0, 58.0
715.0, 883.0, 61.0
716.0, 866.0, 61.0
717.0, 866.0, 61.0
718.0, 859.0, 63.0
719.0, 841.0, 68.0
720.0, 841.0, 68.0
721.0, 832.0, 72.0
722.0, 819.0, 75.0
723.0, 798.0, 79.0
724.0, 798.0, 79.0
725.0, 785.0, 79.0
726.0, 777.0, 81.0
727.0, 758.0, 82.0
728.0, 758.0, 82.0
729.0, 739.0, 88.0
730.0, 734.0, 86.0
731.0, 734.0, 86.0
732.0, 727.0, 86.0
733.0, 717.0, 87.0
734.0, 712.0, 82.0
735.0, 712.0, 82.0
736.0, 698.0, 82.0
737.0, 686.0, 83.0
738.0, 678.0, 84.0
739.0, 668.0, 86.0
740.0, 647.0, 84.0
741.0, 647.0, 84.0
742.0, 623.0, 96.0
743.0, 615.0, 94.0
744.0, 608.0, 92.0
745.0, 608.0, 92.0
746.0, 582.0, 96.0
747.0, 582.0, 96.0
748.0, 564.0, 93.0
749.0, 564.0, 93.0
750.0, 553.0, 95.0
751.0, 528.0, 98.0
752.0, 528.0, 98.0
753.0, 522.0, 97.0
754.0, 514.0, 100.0
755.0, 509.0, 91.0
756.0, 504.0, 87.0
757.0, 496.0, 83.0
758.0, 496.0, 83.0
759.0, 482.0, 84.0
760.0, 482.0, 84.0
761.0, 479.0, 84.0
762.0, 470.0, 82.0
763.0, 466.0, 84.0
764.0, 458.0, 83.0
765.0, 447.0, 81.0
766.0, 447.0, 81.0
767.0, 443.0, 78.0
768.0, 448.0, 76.0
769.0, 448.0, 76.0
770.0, 435.0, 72.0
771.0, 429.0, 71.0
772.0, 429.0, 71.0
773.0, 423.0, 72.0
774.0, 419.0, 71.0
775.0, 411.0, 65.0
776.0, 411.0, 65.0
777.0, 405.0, 67.0
778.0, 405.0, 65.0
779.0, 407.0, 65.0
780.0, 405.0, 64.0
781.0, 403.0, 62.0
782.0, 396.0, 64.0
783.0, 396.0, 64.0
784.0, 391.0, 64.0
785.0, 393.0, 61.0
786.0, 396.0, 55.0
787.0, 399.0, 55.0
788.0, 402.0, 53.0
789.0, 402.0, 53.0
790.0, 407.0, 55.0
791.0, 407.0, 52.0
792.0, 412.0, 50.0
793.0, 412.0, 50.0
794.0, 417.0, 46.0
795.0, 417.0, 46.0
796.0, 425.0, 44.0
797.0, 425.0, 44.0
798.0, 433.0, 42.0
799.0, 433.0, 42.0
800.0, 442.0, 39.0
801.0, 457.0, 35.0
802.0, 462.0, 32.0
803.0, 462.0, 32.0
804.0, 463.0, 33.0
805.0, 468.0, 31.0
806.0, 480.0, 28.0
807.0, 488.0, 26.0
808.0, 493.0, 26.0
809.0, 497.0, 24.0
810.0, 497.0, 24.0
811.0, 503.0, 22.0
812.0, 503.0, 22.0
813.0, 508.0, 23.0
814.0, 515.0, 24.0
815.0, 523.0, 24.0
816.0, 528.0, 24.0
817.0, 541.0, 24.0
818.0, 541.0, 24.0
819.0, 544.0, 21.0
820.0, 552.0, 21.0
821.0, 566.0, 22.0
822.0, 566.0, 22.0
823.0, 571.0, 20.0
824.0, 576.0, 20.0
825.0, 579.0, 21.0
826.0, 589.0, 20.0
827.0, 589.0, 20.0
828.0, 595.0, 20.0
829.0, 602.0, 22.0
830.0, 602.0, 22.0
831.0, 612.0, 22.0
832.0, 612.0, 22.0
833.0, 613.0, 23.0
834.0, 626.0, 22.0
835.0, 628.0, 21.0
836.0, 628.0, 21.0
837.0, 637.0, 22.0
838.0, 642.0, 21.0
839.0, 649.0, 21.0
840.0, 652.0, 21.0
841.0, 665.0, 21.0
842.0, 673.0, 21.0
843.0, 673.0, 21.0
844.0, 676.0, 21.0
845.0, 676.0, 21.0
846.0, 682.0, 22.0
847.0, 691.0, 24.0
848.0, 691.0, 24.0
849.0, 701.0, 23.0
850.0, 703.0, 22.0
851.0, 709.0, 23.0
852.0, 712.0, 22.0
853.0, 712.0, 22.0
854.0, 720.0, 24.0
855.0, 720.0, 24.0
856.0, 723.0, 26.0
857.0, 731.0, 27.0
858.0, 731.0, 27.0
859.0, 734.0, 28.0
860.0, 734.0, 28.0
861.0, 739.0, 30.0
862.0, 739.0, 31.0
863.0, 739.0, 31.0
864.0, 739.0, 32.0
865.0, 743.0, 34.0
866.0, 745.0, 37.0
867.0, 745.0, 37.0
868.0, 745.0, 39.0
869.0, 749.0, 40.0
870.0, 747.0, 38.0
871.0, 747.0, 38.0
872.0, 752.0, 37.0
873.0, 749.0, 37.0
874.0, 748.0, 39.0
875.0, 748.0, 39.0
876.0, 745.0, 40.0
877.0, 741.0, 42.0
878.0, 740.0, 40.0
879.0, 727.0, 45.0
880.0, 727.0, 45.0
881.0, 718.0, 50.0
882.0, 714.0, 49.0
883.0, 714.0, 49.0
884.0, 709.0, 51.0
885.0, 692.0, 58.0
886.0, 686.0, 59.0
887.0, 686.0, 59.0
888.0, 679.0, 60.0
889.0, 679.0, 60.0
890.0, 673.0, 62.0
891.0, 663.0, 62.0
892.0, 663.0, 62.0
893.0, 658.0, 67.0
894.0, 650.0, 69.0
895.0, 647.0, 68.0
896.0, 647.0, 68.0
897.0, 631.0, 68.0
898.0, 631.0, 68.0
899.0, 618.0, 67.0
900.0, 607.0, 68.0
901.0, 607.0, 68.0
902.0, 597.0, 69.0
903.0, 585.0, 71.0
904.0, 572.0, 74.0
905.0, 562.0, 79.0
906.0, 562.0, 79.0
907.0, 560.0, 81.0
908.0, 550.0, 81.0
909.0, 546.0, 82.0
910.0, 531.0, 79.0
911.0, 531.0, 79.0
912.0, 510.0, 80.0
913.0, 510.0, 80.0
914.0, 506.0, 81.0
915.0, 481.0, 78.0
916.0, 477.0, 81.0
917.0, 475.0, 80.0
918.0, 475.0, 80.0
919.0, 471.0, 83.0
920.0, 467.0, 84.0
921.0, 467.0, 84.0
922.0, 463.0, 84.0
923.0, 453.0, 81.0
924.0, 453.0, 81.0
925.0, 438.0, 82.0
926.0, 438.0, 82.0
927.0, 423.0, 78.0
928.0, 423.0, 78.0
929.0, 409.0, 76.0
930.0, 409.0, 76.0
931.0, 411.0, 76.0
932.0, 411.0, 76.0
933.0, 407.0, 74.0
934.0, 406.0, 74.0
935.0, 408.0, 74.0
936.0, 408.0, 74.0
937.0, 402.0, 70.0
938.0, 401.0, 69.0
939.0, 400.0, 70.0
940.0, 400.0, 70.0
941.0, 399.0, 68.0
942.0, 395.0, 66.0
943.0, 389.0, 61.0
944.0, 391.0, 57.0
945.0, 391.0, 57.0
946.0, 395.0, 52.0
947.0, 395.0, 52.0
948.0, 398.0, 49.0
949.0, 405.0, 46.0
950.0, 408.0, 44.0
951.0, 412.0, 44.0
952.0, 412.0, 44.0
953.0, 414.0, 45.0
954.0, 419.0, 44.0
955.0, 423.0, 42.0
956.0, 429.0, 41.0
957.0, 427.0, 38.0
958.0, 427.0, 38.0
959.0, 432.0, 40.0
960.0, 432.0, 40.0
961.0, 434.0, 39.0
962.0, 434.0, 39.0
963.0, 437.0, 39.0
964.0, 437.0, 39.0
965.0, 445.0, 38.0
966.0, 451.0, 38.0
967.0, 451.0, 38.0
968.0, 450.0, 38.0
969.0, 454.0, 37.0
970.0, 461.0, 37.0
971.0, 466.0, 34.0
972.0, 470.0, 32.0
973.0, 479.0, 29.0
974.0, 479.0, 29.0
975.0, 490.0, 29.0
976.0, 490.0, 29.0
977.0, 502.0, 27.0
978.0, 505.0, 26.0
979.0, 505.0, 26.0
980.0, 509.0, 25.0
981.0, 513.0, 25.0
982.0, 518.0, 24.0
983.0, 523.0, 25.0
984.0, 523.0, 25.0
985.0, 529.0, 24.0
986.0, 540.0, 27.0
987.0, 540.0, 27.0
988.0, 548.0, 27.0
989.0, 558.0, 27.0
990.0, 565.0, 26.0
991.0, 570.0, 26.0
992.0, 571.0, 25.0
993.0, 571.0, 25.0
994.0, 584.0, 24.0
995.0, 586.0, 25.0
996.0, 586.0, 25.0
997.0, 592.0, 24.0
998.0, 604.0, 23.0
999.0, 607.0, 25.0
1000.0, 610.0, 24.0
1001.0, 610.0, 24.0
1002.0, 619.0, 25.0
1003.0, 624.0, 26.0
1004.0, 632.0, 27.0
1005.0, 632.0, 27.0
1006.0, 638.0, 25.0
1007.0, 643.0, 25.0
1008.0, 650.0, 25.0
1009.0, 652.0, 24.0
1010.0, 655.0, 24.0
1011.0, 655.0, 24.0
1012.0, 662.0, 23.0
1013.0, 667.0, 26.0
1014.0, 667.0, 26.0
1015.0, 677.0, 25.0
1016.0, 683.0, 25.0
1017.0, 683.0, 25.0
1018.0, 682.0, 26.0
1019.0, 681.0, 32.0
1020.0, 683.0, 35.0
1021.0, 683.0, 34.0
1022.0, 682.0, 37.0
1023.0, 682.0, 37.0
1024.0, 685.0, 35.0
1025.0, 688.0, 35.0
1026.0, 688.0, 35.0
1027.0, 689.0, 35.0
1028.0, 691.0, 36.0
1029.0, 689.0, 37.0
1030.0, 685.0, 38.0
1031.0, 687.0, 40.0
1032.0, 685.0, 41.0
1033.0, 684.0, 40.0
1034.0, 681.0, 43.0
1035.0, 681.0, 43.0
1036.0, 676.0, 45.0
1037.0, 674.0, 46.0
1038.0, 674.0, 46.0
1039.0, 667.0, 47.0
1040.0, 667.0, 47.0
1041.0, 662.0, 48.0
1042.0, 655.0, 53.0
1043.0, 655.0, 53.0
1044.0, 655.0, 55.0
1045.0, 654.0, 54.0
1046.0, 648.0, 58.0
1047.0, 648.0, 58.0
1048.0, 644.0, 59.0
1049.0, 636.0, 61.0
1050.0, 634.0, 60.0
1051.0, 634.0, 60.0
1052.0, 627.0, 56.0
1053.0, 627.0, 56.0
1054.0, 627.0, 56.0
1055.0, 623.0, 59.0
1056.0, 621.0, 59.0
1057.0, 621.0, 59.0
1058.0, 619.0, 55.0
1059.0, 618.0, 57.0
1060.0, 616.0, 55.0
1061.0, 614.0, 57.0
1062.0, 614.0, 57.0
1063.0, 615.0, 54.0
1064.0, 616.0, 53.0
1065.0, 612.0, 55.0
1066.0, 612.0, 55.0
1067.0, 605.0, 54.0
1068.0, 606.0, 52.0
1069.0, 603.0, 55.0
1070.0, 603.0, 55.0
1071.0, 601.0, 58.0
1072.0, 597.0, 58.0
1073.0, 590.0, 58.0
1074.0, 590.0, 58.0
1075.0, 583.0, 60.0
1076.0, 575.0, 58.0
1077.0, 575.0, 58.0
1078.0, 571.0, 56.0
1079.0, 571.0, 56.0
1080.0, 573.0, 58.0
1081.0, 563.0, 60.0
1082.0, 563.0, 60.0
1083.0, 558.0, 66.0
1084.0, 558.0, 66.0
1085.0, 558.0, 67.0
1086.0, 553.0, 63.0
1087.0, 549.0, 57.0
1088.0, 549.0, 57.0
1089.0, 546.0, 57.0
1090.0, 541.0, 57.0
1091.0, 541.0, 57.0
1092.0, 535.0, 60.0
1093.0, 523.0, 62.0
1094.0, 523.0, 62.0
1095.0, 516.0, 59.0
1096.0, 510.0, 60.0
1097.0, 502.0, 59.0
1098.0, 502.0, 59.0
1099.0, 493.0, 59.0
1100.0, 493.0, 59.0
1101.0, 485.0, 66.0
1102.0, 485.0, 66.0
1103.0, 487.0, 66.0
1104.0, 480.0, 67.0
1105.0, 481.0, 66.0
1106.0, 475.0, 65.0
1107.0, 473.0, 66.0
1108.0, 473.0, 66.0
1109.0, 475.0, 66.0
1110.0, 476.0, 66.0
1111.0, 477.0, 63.0
1112.0, 476.0, 63.0
1113.0, 472.0, 62.0
1114.0, 470.0, 61.0
1115.0, 470.0, 61.0
1116.0, 470.0, 61.0
1117.0, 466.0, 54.0
1118.0, 469.0, 54.0
1119.0, 469.0, 54.0
1120.0, 468.0, 54.0
1121.0, 467.0, 54.0
1122.0, 467.0, 54.0
1123.0, 470.0, 53.0
1124.0, 469.0, 53.0
1125.0, 465.0, 53.0
1126.0, 462.0, 53.0
1127.0, 464.0, 51.0
1128.0, 476.0, 51.0
1129.0, 476.0, 51.0
1130.0, 475.0, 47.0
1131.0, 477.0, 46.0
1132.0, 485.0, 43.0
1133.0, 485.0, 43.0
1134.0, 484.0, 39.0
1135.0, 487.0, 38.0
1136.0, 486.0, 39.0
1137.0, 493.0, 38.0
1138.0, 496.0, 38.0
1139.0, 505.0, 37.0
1140.0, 505.0, 37.0
1141.0, 510.0, 37.0
1142.0, 510.0, 37.0
1143.0, 512.0, 34.0
1144.0, 516.0, 35.0
1145.0, 521.0, 34.0
1146.0, 520.0, 32.0
1147.0, 520.0, 32.0
1148.0, 520.0, 34.0
1149.0, 524.0, 36.0
1150.0, 528.0, 36.0
1151.0, 528.0, 34.0
1152.0, 530.0, 36.0
1153.0, 535.0, 35.0
1154.0, 535.0, 35.0
1155.0, 537.0, 35.0
1156.0, 538.0, 36.0
1157.0, 538.0, 36.0
1158.0, 544.0, 37.0
1159.0, 551.0, 35.0
1160.0, 551.0, 35.0
1161.0, 556.0, 34.0
1162.0, 559.0, 34.0
1163.0, 564.0, 34.0
1164.0, 566.0, 34.0
1165.0, 570.0, 32.0
1166.0, 570.0, 32.0
1167.0, 576.0, 32.0
1168.0, 579.0, 32.0
1169.0, 586.0, 33.0
1170.0, 586.0, 32.0
1171.0, 590.0, 29.0
1172.0, 590.0, 29.0
1173.0, 593.0, 32.0
1174.0, 594.0, 32.0
1175.0, 597.0, 35.0
1176.0, 597.0, 35.0
1177.0, 594.0, 32.0
1178.0, 588.0, 39.0
1179.0, 588.0, 39.0
1180.0, 588.0, 42.0
1181.0, 589.0, 42.0
1182.0, 589.0, 42.0
1183.0, 589.0, 42.0
1184.0, 594.0, 43.0
1185.0, 594.0, 43.0
1186.0, 595.0, 41.0
1187.0, 597.0, 41.0
1188.0, 598.0, 39.0
1189.0, 598.0, 39.0
1190.0, 601.0, 40.0
1191.0, 601.0, 40.0
1192.0, 606.0, 42.0
1193.0, 602.0, 41.0
1194.0, 600.0, 43.0
1195.0, 603.0, 45.0
1196.0, 605.0, 47.0
1197.0, 607.0, 47.0
1198.0, 608.0, 45.0
1199.0, 608.0, 45.0
1200.0, 608.0, 45.0
1201.0, 611.0, 43.0
1202.0, 611.0, 43.0
1203.0, 613.0, 43.0
1204.0, 613.0, 43.0
1205.0, 616.0, 44.0
1206.0, 610.0, 47.0
1207.0, 619.0, 45.0
1208.0, 621.0, 45.0
1209.0, 621.0, 45.0
1210.0, 616.0, 42.0
1211.0, 615.0, 41.0
1212.0, 613.0, 41.0
1213.0, 613.0, 41.0
1214.0, 611.0, 41.0
1215.0, 617.0, 43.0
1216.0, 617.0, 43.0
1217.0, 621.0, 44.0
1218.0, 619.0, 44.0
1219.0, 619.0, 44.0
1220.0, 612.0, 46.0
1221.0, 612.0, 46.0
1222.0, 612.0, 48.0
1223.0, 612.0, 49.0
1224.0, 611.0, 49.0
1225.0, 611.0, 49.0
1226.0, 612.0, 48.0
1227.0, 612.0, 47.0
1228.0, 612.0, 47.0
1229.0, 611.0, 47.0
1230.0, 609.0, 48.0
1231.0, 608.0, 49.0
1232.0, 608.0, 49.0
1233.0, 606.0, 50.0
1234.0, 607.0, 50.0
1235.0, 603.0, 47.0
1236.0, 603.0, 47.0
1237.0, 594.0, 50.0
1238.0, 594.0, 50.0
1239.0, 591.0, 53.0
1240.0, 585.0, 52.0
1241.0, 580.0, 54.0
1242.0, 577.0, 58.0
1243.0, 569.0, 59.0
1244.0, 569.0, 59.0
1245.0, 562.0, 63.0
1246.0, 562.0, 63.0
1247.0, 556.0, 63.0
1248.0, 553.0, 65.0
1249.0, 553.0, 65.0
1250.0, 543.0, 64.0
1251.0, 543.0, 64.0
1252.0, 547.0, 63.0
1253.0, 542.0, 63.0
1254.0, 542.0, 63.0
1255.0, 544.0, 58.0
1256.0, 545.0, 58.0
1257.0, 551.0, 56.0
1258.0, 551.0, 56.0
1259.0, 551.0, 51.0
1260.0, 548.0, 51.0
1261.0, 548.0, 51.0
1262.0, 538.0, 53.0
1263.0, 538.0, 53.0
1264.0, 531.0, 51.0
1265.0, 526.0, 52.0
1266.0, 527.0, 55.0
1267.0, 518.0, 54.0
1268.0, 518.0, 54.0
1269.0, 509.0, 60.0
1270.0, 503.0, 58.0
1271.0, 490.0, 59.0
1272.0, 485.0, 60.0
1273.0, 483.0, 61.0
1274.0, 480.0, 62.0
1275.0, 480.0, 62.0
1276.0, 480.0, 63.0
1277.0, 480.0, 62.0
1278.0, 480.0, 62.0
1279.0, 477.0, 64.0
1280.0, 476.0, 63.0
1281.0, 474.0, 64.0
1282.0, 474.0, 64.0
1283.0, 477.0, 62.0
1284.0, 471.0, 62.0
1285.0, 469.0, 62.0
1286.0, 469.0, 62.0
1287.0, 465.0, 54.0
1288.0, 465.0, 54.0
1289.0, 452.0, 54.0
1290.0, 447.0, 58.0
1291.0, 447.0, 58.0
1292.0, 440.0, 59.0
1293.0, 435.0, 61.0
1294.0, 426.0, 64.0
1295.0, 427.0, 60.0
1296.0, 427.0, 60.0
1297.0, 428.0, 61.0
1298.0, 432.0, 62.0
1299.0, 430.0, 62.0
1300.0, 433.0, 58.0
1301.0, 426.0, 54.0
1302.0, 426.0, 54.0
1303.0, 427.0, 57.0
1304.0, 428.0, 58.0
1305.0, 427.0, 53.0
1306.0, 427.0, 53.0
1307.0, 420.0, 55.0
1308.0, 420.0, 55.0
1309.0, 425.0, 54.0
1310.0, 425.0, 53.0
1311.0, 425.0, 53.0
1312.0, 426.0, 53.0
1313.0, 433.0, 53.0
1314.0, 433.0, 50.0
1315.0, 433.0, 50.0
1316.0, 436.0, 52.0
1317.0, 442.0, 49.0
1318.0, 441.0, 47.0
1319.0, 444.0, 44.0
1320.0, 446.0, 43.0
1321.0, 450.0, 42.0
1322.0, 457.0, 40.0
1323.0, 459.0, 39.0
1324.0, 461.0, 39.0
1325.0, 461.0, 39.0
1326.0, 461.0, 36.0
1327.0, 470.0, 34.0
1328.0, 470.0, 34.0
1329.0, 478.0, 33.0
1330.0, 482.0, 33.0
1331.0, 482.0, 33.0
1332.0, 491.0, 33.0
1333.0, 491.0, 33.0
1334.0, 499.0, 31.0
1335.0, 503.0, 29.0
1336.0, 503.0, 29.0
1337.0, 512.0, 28.0
1338.0, 512.0, 28.0
1339.0, 519.0, 28.0
1340.0, 518.0, 26.0
1341.0, 531.0, 29.0
1342.0, 531.0, 29.0
1343.0, 539.0, 30.0
1344.0, 539.0, 30.0
1345.0, 545.0, 29.0
1346.0, 562.0, 27.0
1347.0, 562.0, 27.0
1348.0, 569.0, 25.0
1349.0, 569.0, 25.0
1350.0, 578.0, 23.0
1351.0, 578.0, 23.0
1352.0, 593.0, 23.0
1353.0, 593.0, 23.0
1354.0, 600.0, 23.0
1355.0, 605.0, 24.0
1356.0, 609.0, 24.0
1357.0, 609.0, 24.0
1358.0, 620.0, 22.0
1359.0, 622.0, 22.0
1360.0, 622.0, 22.0
1361.0, 621.0, 22.0
1362.0, 622.0, 24.0
1363.0, 625.0, 26.0
1364.0, 625.0, 27.0
1365.0, 625.0, 27.0
1366.0, 629.0, 28.0
1367.0, 638.0, 30.0
1368.0, 642.0, 30.0
1369.0, 647.0, 29.0
1370.0, 647.0, 29.0
1371.0, 652.0, 30.0
1372.0, 658.0, 30.0
1373.0, 666.0, 27.0
1374.0, 670.0, 27.0
1375.0, 670.0, 27.0
1376.0, 673.0, 28.0
1377.0, 675.0, 28.0
1378.0, 684.0, 30.0
1379.0, 684.0, 30.0
1380.0, 686.0, 32.0
1381.0, 685.0, 31.0
1382.0, 683.0, 32.0
1383.0, 686.0, 33.0
1384.0, 686.0, 33.0
1385.0, 687.0, 34.0
1386.0, 690.0, 35.0
1387.0, 694.0, 35.0
1388.0, 697.0, 37.0
1389.0, 697.0, 37.0
1390.0, 699.0, 41.0
1391.0, 696.0, 41.0
1392.0, 701.0, 41.0
1393.0, 705.0, 41.0
1394.0, 710.0, 40.0
1395.0, 712.0, 39.0
1396.0, 711.0, 38.0
1397.0, 711.0, 38.0
1398.0, 712.0, 38.0
1399.0, 718.0, 36.0
1400.0, 718.0, 36.0
1401.0, 717.0, 38.0
1402.0, 721.0, 37.0
1403.0, 721.0, 37.0
1404.0, 723.0, 38.0
1405.0, 723.0, 39.0
1406.0, 724.0, 39.0
1407.0, 726.0, 40.0
1408.0, 732.0, 39.0
1409.0, 735.0, 39.0
1410.0, 739.0, 41.0
1411.0, 739.0, 41.0
1412.0, 742.0, 39.0
1413.0, 742.0, 38.0
1414.0, 742.0, 38.0
1415.0, 738.0, 39.0
1416.0, 733.0, 39.0
1417.0, 728.0, 39.0
1418.0, 728.0, 39.0
1419.0, 727.0, 40.0
1420.0, 721.0, 46.0
1421.0, 721.0, 46.0
1422.0, 713.0, 48.0
1423.0, 713.0, 48.0
1424.0, 707.0, 49.0
1425.0, 699.0, 51.0
1426.0, 686.0, 57.0
1427.0, 686.0, 57.0
1428.0, 683.0, 59.0
1429.0, 679.0, 61.0
1430.0, 679.0, 61.0
1431.0, 677.0, 61.0
1432.0, 677.0, 61.0
1433.0, 671.0, 62.0
1434.0, 656.0, 64.0
1435.0, 656.0, 64.0
1436.0, 649.0, 65.0
1437.0, 629.0, 67.0
1438.0, 620.0, 69.0
1439.0, 611.0, 70.0
1440.0, 611.0, 70.0
1441.0, 600.0, 72.0
1442.0, 600.0, 72.0
1443.0, 585.0, 81.0
1444.0, 571.0, 83.0
1445.0, 571.0, 83.0
1446.0, 561.0, 82.0
1447.0, 551.0, 81.0
1448.0, 535.0, 82.0
1449.0, 535.0, 82.0
1450.0, 518.0, 84.0
1451.0, 518.0, 84.0
1452.0, 505.0, 84.0
1453.0, 481.0, 88.0
1454.0, 481.0, 88.0
1455.0, 466.0, 91.0
1456.0, 464.0, 92.0
1457.0, 456.0, 91.0
1458.0, 446.0, 88.0
1459.0, 425.0, 87.0
1460.0, 416.0, 88.0
1461.0, 416.0, 88.0
1462.0, 415.0, 89.0
1463.0, 404.0, 94.0
1464.0, 401.0, 94.0
1465.0, 400.0, 89.0
1466.0, 400.0, 84.0
1467.0, 396.0, 80.0
1468.0, 396.0, 80.0
1469.0, 388.0, 78.0
1470.0, 378.0, 74.0
1471.0, 375.0, 74.0
1472.0, 375.0, 74.0
1473.0, 372.0, 74.0
1474.0, 371.0, 72.0
1475.0, 373.0, 70.0
1476.0, 369.0, 63.0
1477.0, 369.0, 63.0
1478.0, 375.0, 63.0
1479.0, 378.0, 60.0
1480.0, 378.0, 60.0
1481.0, 376.0, 57.0
1482.0, 377.0, 57.0
1483.0, 375.0, 52.0
1484.0, 379.0, 47.0
1485.0, 379.0, 47.0
1486.0, 377.0, 44.0
1487.0, 380.0, 45.0
1488.0, 384.0, 44.0
1489.0, 386.0, 45.0
1490.0, 389.0, 43.0
1491.0, 385.0, 43.0
1492.0, 387.0, 44.0
1493.0, 391.0, 42.0
1494.0, 396.0, 39.0
1495.0, 396.0, 39.0
1496.0, 404.0, 40.0
1497.0, 404.0, 40.0
1498.0, 414.0, 38.0
1499.0, 421.0, 38.0
1500.0, 424.0, 37.0
1501.0, 424.0, 37.0
1502.0, 431.0, 36.0
1503.0, 437.0, 34.0
1504.0, 439.0, 33.0
1505.0, 442.0, 33.0
1506.0, 448.0, 32.0
1507.0, 458.0, 33.0
1508.0, 458.0, 33.0
1509.0, 467.0, 32.0
1510.0, 467.0, 32.0
1511.0, 469.0, 32.0
1512.0, 481.0, 30.0
1513.0, 482.0, 28.0
1514.0, 482.0, 28.0
1515.0, 486.0, 29.0
1516.0, 489.0, 26.0
1517.0, 499.0, 27.0
1518.0, 499.0, 27.0
1519.0, 514.0, 26.0
1520.0, 519.0, 24.0
1521.0, 519.0, 24.0
1522.0, 531.0, 24.0
1523.0, 536.0, 22.0
1524.0, 546.0, 21.0
1525.0, 553.0, 19.0
1526.0, 559.0, 19.0
1527.0, 565.0, 19.0
1528.0, 571.0, 17.0
1529.0, 579.0, 16.0
1530.0, 586.0, 16.0
1531.0, 590.0, 16.0
1532.0, 590.0, 16.0
1533.0, 597.0, 16.0
1534.0, 612.0, 15.0
1535.0, 619.0, 14.0
1536.0, 619.0, 14.0
1537.0, 635.0, 13.0
1538.0, 640.0, 14.0
1539.0, 648.0, 13.0
1540.0, 656.0, 14.0
1541.0, 656.0, 14.0
1542.0, 672.0, 15.0
1543.0, 678.0, 14.0
1544.0, 678.0, 14.0
1545.0, 686.0, 13.0
1546.0, 695.0, 15.0
1547.0, 695.0, 15.0
1548.0, 712.0, 16.0
1549.0, 717.0, 16.0
1550.0, 717.0, 16.0
1551.0, 725.0, 16.0
1552.0, 730.0, 16.0
1553.0, 745.0, 16.0
1554.0, 748.0, 16.0
1555.0, 753.0, 17.0
1556.0, 761.0, 16.0
1557.0, 765.0, 15.0
1558.0, 770.0, 14.0
1559.0, 775.0, 15.0
1560.0, 775.0, 15.0
1561.0, 781.0, 15.0
1562.0, 789.0, 16.0
1563.0, 798.0, 18.0
1564.0, 798.0, 18.0
1565.0, 800.0, 19.0
1566.0, 805.0, 19.0
1567.0, 809.0, 20.0
1568.0, 814.0, 22.0
1569.0, 814.0, 22.0
1570.0, 820.0, 24.0
1571.0, 820.0, 24.0
1572.0, 823.0, 25.0
1573.0, 828.0, 24.0
1574.0, 833.0, 28.0
1575.0, 833.0, 28.0
1576.0, 835.0, 31.0
1577.0, 832.0, 34.0
1578.0, 832.0, 34.0
1579.0, 826.0, 35.0
1580.0, 828.0, 35.0
1581.0, 830.0, 35.0
1582.0, 826.0, 35.0
1583.0, 823.0, 37.0
1584.0, 823.0, 41.0
1585.0, 823.0, 41.0
1586.0, 827.0, 43.0
1587.0, 815.0, 44.0
1588.0, 815.0, 44.0
1589.0, 818.0, 45.0
1590.0, 815.0, 46.0
1591.0, 811.0, 49.0
1592.0, 804.0, 52.0
1593.0, 804.0, 52.0
1594.0, 801.0, 51.0
1595.0, 796.0, 56.0
1596.0, 790.0, 56.0
1597.0, 789.0, 57.0
1598.0, 789.0, 59.0
1599.0, 779.0, 56.0
1600.0, 774.0, 56.0
1601.0, 774.0, 56.0
1602.0, 769.0, 56.0
1603.0, 769.0, 56.0
1604.0, 752.0, 61.0
1605.0, 752.0, 61.0
1606.0, 742.0, 65.0
1607.0, 727.0, 72.0
1608.0, 716.0, 79.0
1609.0, 699.0, 77.0
1610.0, 691.0, 73.0
1611.0, 685.0, 74.0
1612.0, 680.0, 76.0
1613.0, 670.0, 79.0
1614.0, 664.0, 81.0
1615.0, 664.0, 81.0
1616.0, 648.0, 81.0
1617.0, 640.0, 81.0
1618.0, 640.0, 81.0
1619.0, 626.0, 80.0
1620.0, 618.0, 80.0
1621.0, 611.0, 77.0
1622.0, 611.0, 81.0
1623.0, 611.0, 80.0
1624.0, 609.0, 79.0
1625.0, 609.0, 79.0
1626.0, 596.0, 78.0
1627.0, 595.0, 74.0
1628.0, 587.0, 73.0
1629.0, 579.0, 72.0
1630.0, 579.0, 72.0
1631.0, 568.0, 73.0
1632.0, 568.0, 73.0
1633.0, 552.0, 79.0
1634.0, 552.0, 79.0
1635.0, 550.0, 80.0
1636.0, 548.0, 81.0
1637.0, 537.0, 78.0
1638.0, 532.0, 77.0
1639.0, 531.0, 74.0
1640.0, 531.0, 74.0
1641.0, 530.0, 69.0
1642.0, 530.0, 69.0
1643.0, 523.0, 67.0
1644.0, 513.0, 65.0
1645.0, 513.0, 65.0
1646.0, 503.0, 66.0
1647.0, 496.0, 68.0
1648.0, 498.0, 70.0
1649.0, 498.0, 70.0
1650.0, 487.0, 67.0
1651.0, 487.0, 67.0
1652.0, 486.0, 66.0
1653.0, 481.0, 64.0
1654.0, 473.0, 66.0
1655.0, 473.0, 66.0
1656.0, 473.0, 66.0
1657.0, 473.0, 66.0
1658.0, 466.0, 62.0
1659.0, 467.0, 60.0
1660.0, 467.0, 60.0
1661.0, 470.0, 59.0
1662.0, 477.0, 55.0
1663.0, 472.0, 53.0
1664.0, 472.0, 53.0
1665.0, 473.0, 52.0
1666.0, 475.0, 50.0
1667.0, 475.0, 50.0
1668.0, 474.0, 51.0
1669.0, 474.0, 52.0
1670.0, 474.0, 52.0
1671.0, 477.0, 51.0
1672.0, 474.0, 51.0
1673.0, 467.0, 50.0
1674.0, 468.0, 48.0
1675.0, 471.0, 49.0
1676.0, 471.0, 49.0
1677.0, 474.0, 46.0
1678.0, 474.0, 46.0
1679.0, 475.0, 47.0
1680.0, 476.0, 47.0
1681.0, 482.0, 44.0
1682.0, 486.0, 44.0
1683.0, 486.0, 44.0
1684.0, 489.0, 43.0
1685.0, 491.0, 42.0
1686.0, 491.0, 42.0
1687.0, 491.0, 44.0
1688.0, 490.0, 43.0
1689.0, 490.0, 43.0
1690.0, 488.0, 41.0
1691.0, 491.0, 42.0
1692.0, 494.0, 39.0
1693.0, 496.0, 41.0
1694.0, 498.0, 42.0
1695.0, 498.0, 40.0
1696.0, 501.0, 39.0
1697.0, 506.0, 37.0
1698.0, 506.0, 37.0
1699.0, 517.0, 37.0
1700.0, 517.0, 37.0
1701.0, 524.0, 36.0
1702.0, 527.0, 36.0
1703.0, 540.0, 37.0
1704.0, 543.0, 35.0
1705.0, 543.0, 35.0
1706.0, 545.0, 34.0
1707.0, 549.0, 35.0
1708.0, 555.0, 34.0
1709.0, 562.0, 32.0
1710.0, 562.0, 32.0
1711.0, 570.0, 32.0
1712.0, 574.0, 31.0
1713.0, 574.0, 31.0
1714.0, 583.0, 29.0
1715.0, 583.0, 29.0
1716.0, 588.0, 29.0
1717.0, 595.0, 28.0
1718.0, 603.0, 25.0
1719.0, 603.0, 25.0
1720.0, 614.0, 27.0
1721.0, 617.0, 28.0
1722.0, 617.0, 28.0
1723.0, 620.0, 28.0
1724.0, 625.0, 29.0
1725.0, 629.0, 29.0
1726.0, 632.0, 32.0
1727.0, 629.0, 32.0
1728.0, 629.0, 32.0
1729.0, 632.0, 34.0
1730.0, 633.0, 33.0
1731.0, 638.0, 31.0
1732.0, 637.0, 30.0
1733.0, 631.0, 32.0
1734.0, 631.0, 33.0
1735.0, 631.0, 33.0
1736.0, 629.0, 36.0
1737.0, 631.0, 37.0
1738.0, 627.0, 38.0
1739.0, 627.0, 38.0
1740.0, 627.0, 39.0
1741.0, 629.0, 40.0
1742.0, 629.0, 44.0
1743.0, 629.0, 44.0
1744.0, 625.0, 47.0
1745.0, 623.0, 48.0
1746.0, 623.0, 48.0
1747.0, 621.0, 50.0
1748.0, 621.0, 50.0
1749.0, 613.0, 53.0
1750.0, 609.0, 54.0
1751.0, 602.0, 54.0
1752.0, 602.0, 54.0
1753.0, 596.0, 58.0
1754.0, 591.0, 57.0
1755.0, 591.0, 57.0
1756.0, 588.0, 60.0
1757.0, 588.0, 60.0
1758.0, 588.0, 59.0
1759.0, 583.0, 59.0
1760.0, 583.0, 59.0
1761.0, 579.0, 60.0
1762.0, 579.0, 60.0
1763.0, 576.0, 59.0
1764.0, 576.0, 60.0
1765.0, 576.0, 60.0
1766.0, 571.0, 55.0
1767.0, 571.0, 55.0
1768.0, 573.0, 56.0
1769.0, 572.0, 57.0
1770.0, 570.0, 58.0
1771.0, 570.0, 58.0
1772.0, 569.0, 54.0
1773.0, 565.0, 53.0
1774.0, 563.0, 52.0
1775.0, 559.0, 51.0
1776.0, 561.0, 51.0
1777.0, 561.0, 50.0
1778.0, 561.0, 50.0
1779.0, 558.0, 50.0
1780.0, 558.0, 50.0
1781.0, 555.0, 51.0
1782.0, 555.0, 51.0
1783.0, 554.0, 53.0
1784.0, 548.0, 51.0
1785.0, 551.0, 51.0
1786.0, 551.0, 51.0
1787.0, 550.0, 51.0
1788.0, 553.0, 47.0
1789.0, 555.0, 46.0
1790.0, 554.0, 49.0
1791.0, 555.0, 48.0
1792.0, 556.0, 46.0
1793.0, 556.0, 46.0
1794.0, 558.0, 46.0
1795.0, 557.0, 45.0
1796.0, 559.0, 44.0
1797.0, 561.0, 45.0
1798.0, 562.0, 44.0
1799.0, 562.0, 44.0
1800.0, 568.0, 44.0
1801.0, 571.0, 45.0
1802.0, 571.0, 45.0
1803.0, 567.0, 41.0
1804.0, 567.0, 41.0
1805.0, 567.0, 40.0
1806.0, 572.0, 42.0
1807.0, 573.0, 42.0
1808.0, 586.0, 42.0
1809.0, 586.0, 42.0
1810.0, 589.0, 41.0
1811.0, 593.0, 39.0
1812.0, 588.0, 37.0
1813.0, 587.0, 38.0
1814.0, 585.0, 38.0
1815.0, 585.0, 38.0
1816.0, 589.0, 39.0
1817.0, 589.0, 39.0
1818.0, 591.0, 40.0
1819.0, 591.0, 42.0
1820.0, 590.0, 43.0
1821.0, 593.0, 41.0
1822.0, 593.0, 41.0
1823.0, 592.0, 43.0
1824.0, 594.0, 43.0
1825.0, 601.0, 42.0
1826.0, 601.0, 42.0
1827.0, 601.0, 41.0
1828.0, 597.0, 43.0
1829.0, 598.0, 45.0
1830.0, 597.0, 44.0
1831.0, 598.0, 47.0
1832.0, 597.0, 47.0
1833.0, 597.0, 45.0
1834.0, 597.0, 45.0
1835.0, 599.0, 44.0
1836.0, 600.0, 46.0
1837.0, 605.0, 43.0
1838.0, 605.0, 43.0
1839.0, 601.0, 44.0
1840.0, 601.0, 44.0
1841.0, 598.0, 44.0
1842.0, 596.0, 41.0
1843.0, 597.0, 42.0
1844.0, 597.0, 42.0
1845.0, 597.0, 43.0
1846.0, 600.0, 44.0
1847.0, 597.0, 43.0
1848.0, 597.0, 43.0
1849.0, 599.0, 48.0
1850.0, 599.0, 48.0
1851.0, 602.0, 48.0
1852.0, 600.0, 47.0
1853.0, 598.0, 46.0
1854.0, 597.0, 45.0
1855.0, 601.0, 44.0
1856.0, 604.0, 45.0
1857.0, 604.0, 45.0
1858.0, 609.0, 46.0
1859.0, 608.0, 45.0
1860.0, 610.0, 44.0
1861.0, 610.0, 44.0
1862.0, 612.0, 44.0
1863.0, 612.0, 45.0
1864.0, 612.0, 45.0
1865.0, 609.0, 44.0
1866.0, 613.0, 44.0
1867.0, 613.0, 44.0
1868.0, 618.0, 44.0
1869.0, 614.0, 46.0
1870.0, 614.0, 48.0
1871.0, 613.0, 46.0
1872.0, 613.0, 46.0
1873.0, 618.0, 45.0
1874.0, 618.0, 45.0
1875.0, 622.0, 39.0
1876.0, 622.0, 39.0
1877.0, 624.0, 38.0
1878.0, 626.0, 39.0
1879.0, 626.0, 38.0
1880.0, 629.0, 41.0
1881.0, 627.0, 40.0
1882.0, 627.0, 40.0
1883.0, 630.0, 43.0
1884.0, 630.0, 43.0
1885.0, 631.0, 43.0
1886.0, 628.0, 46.0
1887.0, 619.0, 46.0
1888.0, 619.0, 49.0
1889.0, 619.0, 50.0
1890.0, 619.0, 50.0
1891.0, 611.0, 49.0
1892.0, 597.0, 55.0
1893.0, 590.0, 57.0
1894.0, 590.0, 57.0
1895.0, 583.0, 59.0
1896.0, 570.0, 62.0
1897.0, 563.0, 61.0
1898.0, 562.0, 59.0
1899.0, 562.0, 59.0
1900.0, 557.0, 60.0
1901.0, 556.0, 59.0
1902.0, 548.0, 65.0
1903.0, 540.0, 65.0
1904.0, 540.0, 65.0
1905.0, 533.0, 65.0
1906.0, 529.0, 62.0
1907.0, 522.0, 66.0
1908.0, 517.0, 68.0
1909.0, 508.0, 68.0
1910.0, 501.0, 69.0
1911.0, 501.0, 69.0
1912.0, 498.0, 73.0
1913.0, 494.0, 67.0
1914.0, 493.0, 68.0
1915.0, 493.0, 68.0
1916.0, 489.0, 69.0
1917.0, 488.0, 68.0
1918.0, 484.0, 67.0
1919.0, 479.0, 65.0
1920.0, 480.0, 68.0
1921.0, 474.0, 65.0
1922.0, 476.0, 65.0
1923.0, 476.0, 65.0
1924.0, 469.0, 63.0
1925.0, 469.0, 63.0
1926.0, 463.0, 60.0
1927.0, 464.0, 62.0
1928.0, 464.0, 62.0
1929.0, 455.0, 57.0
1930.0, 455.0, 57.0
1931.0, 451.0, 58.0
1932.0, 448.0, 59.0
1933.0, 448.0, 59.0
1934.0, 441.0, 62.0
1935.0, 441.0, 63.0
1936.0, 441.0, 63.0
1937.0, 439.0, 61.0
1938.0, 439.0, 61.0
1939.0, 436.0, 61.0
1940.0, 437.0, 62.0
1941.0, 433.0, 61.0
1942.0, 433.0, 61.0
1943.0, 433.0, 56.0
1944.0, 436.0, 55.0
1945.0, 437.0, 55.0
1946.0, 439.0, 55.0
1947.0, 442.0, 49.0
1948.0, 444.0, 49.0
1949.0, 447.0, 51.0
1950.0, 445.0, 48.0
1951.0, 447.0, 48.0
1952.0, 443.0, 45.0
1953.0, 445.0, 47.0
1954.0, 451.0, 47.0
1955.0, 451.0, 47.0
1956.0, 450.0, 45.0
1957.0, 452.0, 44.0
1958.0, 454.0, 45.0
1959.0, 460.0, 45.0
1960.0, 460.0, 45.0
1961.0, 467.0, 44.0
1962.0, 475.0, 38.0
1963.0, 482.0, 38.0
1964.0, 482.0, 38.0
1965.0, 483.0, 36.0
1966.0, 487.0, 37.0
1967.0, 488.0, 38.0
1968.0, 497.0, 35.0
1969.0, 508.0, 32.0
1970.0, 508.0, 32.0
1971.0, 514.0, 28.0
1972.0, 518.0, 28.0
1973.0, 518.0, 28.0
1974.0, 532.0, 26.0
1975.0, 535.0, 27.0
1976.0, 535.0, 27.0
1977.0, 546.0, 24.0
1978.0, 546.0, 24.0
1979.0, 554.0, 25.0
1980.0, 571.0, 23.0
1981.0, 581.0, 21.0
1982.0, 581.0, 21.0
1983.0, 589.0, 19.0
1984.0, 595.0, 18.0
1985.0, 600.0, 17.0
1986.0, 606.0, 17.0
1987.0, 613.0, 16.0
1988.0, 626.0, 15.0
1989.0, 626.0, 15.0
1990.0, 632.0, 15.0
1991.0, 640.0, 15.0
1992.0, 650.0, 15.0
1993.0, 654.0, 16.0
1994.0, 654.0, 16.0
1995.0, 661.0, 18.0
1996.0, 669.0, 19.0
1997.0, 672.0, 20.0
1998.0, 672.0, 20.0
1999.0, 678.0, 20.0
2000.0, 682.0, 22.0
2001.0, 692.0, 22.0
2002.0, 692.0, 22.0
2003.0, 702.0, 21.0
2004.0, 708.0, 22.0
2005.0, 708.0, 22.0
2006.0, 718.0, 23.0
2007.0, 718.0, 23.0
2008.0, 726.0, 19.0
2009.0, 726.0, 19.0
2010.0, 732.0, 22.0
2011.0, 740.0, 22.0
2012.0, 745.0, 22.0
2013.0, 752.0, 24.0
2014.0, 752.0, 24.0
2015.0, 756.0, 25.0
2016.0, 766.0, 24.0
2017.0, 766.0, 24.0
2018.0, 774.0, 24.0
2019.0, 774.0, 24.0
2020.0, 782.0, 23.0
2021.0, 786.0, 23.0
2022.0, 796.0, 24.0
2023.0, 803.0, 23.0
2024.0, 806.0, 23.0
2025.0, 808.0, 25.0
2026.0, 808.0, 25.0
2027.0, 820.0, 26.0
2028.0, 820.0, 26.0
2029.0, 824.0, 27.0
2030.0, 827.0, 26.0
2031.0, 837.0, 24.0
2032.0, 841.0, 24.0
2033.0, 848.0, 24.0
2034.0, 855.0, 24.0
2035.0, 860.0, 24.0
2036.0, 860.0, 27.0
2037.0, 865.0, 27.0
2038.0, 865.0, 27.0
2039.0, 867.0, 25.0
2040.0, 870.0, 27.0
2041.0, 867.0, 28.0
2042.0, 873.0, 28.0
2043.0, 873.0, 28.0
2044.0, 877.0, 29.0
2045.0, 878.0, 30.0
2046.0, 874.0, 32.0
2047.0, 874.0, 32.0
2048.0, 881.0, 33.0
2049.0, 881.0, 33.0
2050.0, 878.0, 34.0
2051.0, 878.0, 34.0
2052.0, 877.0, 38.0
2053.0, 875.0, 39.0
2054.0, 876.0, 41.0
2055.0, 876.0, 41.0
2056.0, 875.0, 44.0
2057.0, 870.0, 46.0
2058.0, 870.0, 46.0
2059.0, 862.0, 50.0
2060.0, 862.0, 50.0
2061.0, 854.0, 48.0
2062.0, 854.0, 48.0
2063.0, 847.0, 54.0
2064.0, 840.0, 57.0
2065.0, 840.0, 57.0
2066.0, 830.0, 57.0
2067.0, 821.0, 57.0
2068.0, 821.0, 57.0
2069.0, 815.0, 58.0
2070.0, 815.0, 62.0
2071.0, 805.0, 62.0
2072.0, 805.0, 62.0
2073.0, 787.0, 66.0
2074.0, 783.0, 73.0
2075.0, 783.0, 73.0
2076.0, 773.0, 75.0
2077.0, 761.0, 76.0
2078.0, 757.0, 76.0
2079.0, 747.0, 76.0
2080.0, 726.0, 80.0
2081.0, 712.0, 81.0
2082.0, 700.0, 84.0
2083.0, 690.0, 84.0
2084.0, 672.0, 86.0
2085.0, 672.0, 86.0
2086.0, 637.0, 92.0
2087.0, 637.0, 92.0
2088.0, 623.0, 90.0
2089.0, 617.0, 91.0
2090.0, 595.0, 92.0
2091.0, 595.0, 92.0
2092.0, 581.0, 90.0
2093.0, 581.0, 90.0
2094.0, 571.0, 92.0
2095.0, 561.0, 93.0
2096.0, 539.0, 99.0
2097.0, 520.0, 99.0
2098.0, 503.0, 97.0
2099.0, 503.0, 97.0
2100.0, 493.0, 97.0
2101.0, 470.0, 100.0
2102.0, 461.0, 99.0
2103.0, 461.0, 99.0
2104.0, 444.0, 98.0
2105.0, 437.0, 96.0
2106.0, 437.0, 96.0
2107.0, 423.0, 100.0
2108.0, 404.0, 99.0
2109.0, 404.0, 99.0
2110.0, 386.0, 97.0
2111.0, 367.0, 99.0
2112.0, 367.0, 99.0
2113.0, 362.0, 104.0
2114.0, 357.0, 99.0
2115.0, 357.0, 99.0
2116.0, 355.0, 96.0
2117.0, 343.0, 97.0
2118.0, 339.0, 94.0
2119.0, 332.0, 89.0
2120.0, 333.0, 85.0
2121.0, 333.0, 85.0
2122.0, 322.0, 83.0
2123.0, 322.0, 83.0
2124.0, 317.0, 82.0
2125.0, 312.0, 79.0
2126.0, 298.0, 77.0
2127.0, 300.0, 72.0
2128.0, 301.0, 69.0
2129.0, 304.0, 69.0
2130.0, 307.0, 65.0
2131.0, 307.0, 65.0
2132.0, 309.0, 61.0
2133.0, 309.0, 61.0
2134.0, 317.0, 55.0
2135.0, 321.0, 53.0
2136.0, 321.0, 53.0
2137.0, 321.0, 50.0
2138.0, 330.0, 43.0
2139.0, 330.0, 43.0
2140.0, 338.0, 39.0
2141.0, 340.0, 39.0
2142.0, 343.0, 39.0
2143.0, 347.0, 39.0
2144.0, 351.0, 35.0
2145.0, 351.0, 35.0
2146.0, 360.0, 34.0
2147.0, 365.0, 32.0
2148.0, 370.0, 30.0
2149.0, 375.0, 31.0
2150.0, 375.0, 31.0
2151.0, 382.0, 28.0
2152.0, 385.0, 28.0
2153.0, 392.0, 28.0
2154.0, 392.0, 28.0
2155.0, 402.0, 24.0
2156.0, 409.0, 24.0
2157.0, 415.0, 24.0
2158.0, 419.0, 25.0
2159.0, 426.0, 24.0
2160.0, 430.0, 24.0
2161.0, 430.0, 24.0
2162.0, 442.0, 24.0
2163.0, 442.0, 24.0
2164.0, 446.0, 24.0
2165.0, 454.0, 24.0
2166.0, 458.0, 24.0
2167.0, 458.0, 24.0
2168.0, 467.0, 23.0
2169.0, 467.0, 23.0
2170.0, 478.0, 22.0
2171.0, 478.0, 22.0
2172.0, 483.0, 22.0
2173.0, 486.0, 23.0
2174.0, 487.0, 22.0
2175.0, 491.0, 27.0
2176.0, 494.0, 27.0
2177.0, 494.0, 27.0
2178.0, 494.0, 27.0
2179.0, 502.0, 29.0
2180.0, 502.0, 29.0
2181.0, 508.0, 30.0
2182.0, 519.0, 30.0
2183.0, 519.0, 30.0
2184.0, 523.0, 29.0
2185.0, 529.0, 30.0
2186.0, 535.0, 30.0
2187.0, 544.0, 30.0
2188.0, 549.0, 27.0
2189.0, 549.0, 27.0
2190.0, 555.0, 27.0
2191.0, 561.0, 27.0
2192.0, 561.0, 27.0
2193.0, 571.0, 27.0
2194.0, 576.0, 28.0
2195.0, 580.0, 27.0
2196.0, 590.0, 28.0
2197.0, 590.0, 28.0
2198.0, 595.0, 28.0
2199.0, 600.0, 29.0
2200.0, 604.0, 28.0
2201.0, 604.0, 28.0
2202.0, 612.0, 24.0
2203.0, 612.0, 24.0
2204.0, 618.0, 24.0
2205.0, 618.0, 24.0
2206.0, 626.0, 26.0
2207.0, 630.0, 27.0
2208.0, 630.0, 27.0
2209.0, 641.0, 25.0
2210.0, 641.0, 25.0
2211.0, 650.0, 25.0
2212.0, 650.0, 25.0
2213.0, 662.0, 26.0
2214.0, 669.0, 23.0
2215.0, 674.0, 23.0
2216.0, 674.0, 23.0
2217.0, 686.0, 23.0
2218.0, 688.0, 25.0
2219.0, 688.0, 25.0
2220.0, 699.0, 25.0
2221.0, 707.0, 26.0
2222.0, 707.0, 26.0
2223.0, 715.0, 27.0
2224.0, 719.0, 25.0
2225.0, 724.0, 24.0
2226.0, 724.0, 24.0
2227.0, 727.0, 23.0
2228.0, 727.0, 23.0
2229.0, 730.0, 22.0
2230.0, 735.0, 21.0
2231.0, 741.0, 21.0
2232.0, 747.0, 21.0
2233.0, 752.0, 23.0
2234.0, 757.0, 25.0
2235.0, 762.0, 27.0
2236.0, 764.0, 26.0
2237.0, 764.0, 26.0
2238.0, 770.0, 25.0
2239.0, 777.0, 23.0
2240.0, 783.0, 22.0
2241.0, 783.0, 22.0
2242.0, 788.0, 24.0
2243.0, 790.0, 24.0
2244.0, 806.0, 29.0
2245.0, 809.0, 28.0
2246.0, 815.0, 28.0
2247.0, 824.0, 28.0
2248.0, 833.0, 28.0
2249.0, 833.0, 28.0
2250.0, 835.0, 27.0
2251.0, 840.0, 26.0
2252.0, 840.0, 26.0
2253.0, 853.0, 28.0
2254.0, 857.0, 28.0
2255.0, 859.0, 27.0
2256.0, 859.0, 27.0
2257.0, 862.0, 26.0
2258.0, 869.0, 26.0
2259.0, 869.0, 26.0
2260.0, 873.0, 26.0
2261.0, 876.0, 26.0
2262.0, 883.0, 26.0
2263.0, 885.0, 25.0
2264.0, 886.0, 25.0
2265.0, 891.0, 25.0
2266.0, 896.0, 24.0
2267.0, 896.0, 24.0
2268.0, 901.0, 24.0
2269.0, 912.0, 24.0
2270.0, 912.0, 24.0
2271.0, 911.0, 25.0
2272.0, 909.0, 27.0
2273.0, 909.0, 27.0
2274.0, 912.0, 29.0
2275.0, 913.0, 31.0
2276.0, 913.0, 31.0
2277.0, 910.0, 31.0
2278.0, 911.0, 33.0
2279.0, 917.0, 34.0
2280.0, 917.0, 34.0
2281.0, 917.0, 34.0
2282.0, 915.0, 35.0
2283.0, 915.0, 35.0
2284.0, 912.0, 39.0
2285.0, 907.0, 42.0
2286.0, 900.0, 43.0
2287.0, 900.0, 43.0
2288.0, 895.0, 46.0
2289.0, 895.0, 46.0
2290.0, 897.0, 47.0
2291.0, 897.0, 48.0
2292.0, 898.0, 50.0
2293.0, 898.0, 50.0
2294.0, 891.0, 51.0
2295.0, 891.0, 51.0
2296.0, 890.0, 53.0
2297.0, 884.0, 53.0
2298.0, 871.0, 58.0
2299.0, 864.0, 60.0
2300.0, 854.0, 58.0
2301.0, 854.0, 58.0
2302.0, 851.0, 58.0
2303.0, 841.0, 61.0
2304.0, 826.0, 68.0
2305.0, 826.0, 68.0
2306.0, 821.0, 68.0
2307.0, 812.0, 70.0
2308.0, 802.0, 73.0
2309.0, 797.0, 70.0
2310.0, 773.0, 73.0
2311.0, 757.0, 76.0
2312.0, 743.0, 80.0
2313.0, 735.0, 84.0
2314.0, 722.0, 90.0
2315.0, 722.0, 90.0
2316.0, 695.0, 93.0
2317.0, 680.0, 97.0
2318.0, 662.0, 100.0
2319.0, 662.0, 100.0
2320.0, 648.0, 98.0
2321.0, 638.0, 99.0
2322.0, 638.0, 99.0
2323.0, 628.0, 97.0
2324.0, 614.0, 96.0
2325.0, 604.0, 95.0
2326.0, 575.0, 96.0
2327.0, 563.0, 100.0
2328.0, 547.0, 98.0
2329.0, 547.0, 98.0
2330.0, 513.0, 104.0
2331.0, 513.0, 104.0
2332.0, 482.0, 106.0
2333.0, 482.0, 106.0
2334.0, 466.0, 108.0
2335.0, 452.0, 107.0
2336.0, 424.0, 112.0
2337.0, 424.0, 112.0
2338.0, 419.0, 112.0
2339.0, 406.0, 113.0
2340.0, 398.0, 112.0
2341.0, 398.0, 110.0
2342.0, 390.0, 108.0
2343.0, 376.0, 103.0
2344.0, 376.0, 103.0
2345.0, 370.0, 100.0
2346.0, 361.0, 99.0
2347.0, 361.0, 99.0
2348.0, 349.0, 95.0
2349.0, 347.0, 95.0
2350.0, 347.0, 95.0
2351.0, 345.0, 93.0
2352.0, 340.0, 85.0
2353.0, 344.0, 81.0
2354.0, 346.0, 74.0
2355.0, 351.0, 71.0
2356.0, 354.0, 66.0
2357.0, 354.0, 66.0
2358.0, 355.0, 62.0
2359.0, 361.0, 52.0
2360.0, 366.0, 50.0
2361.0, 366.0, 50.0
2362.0, 371.0, 43.0
2363.0, 371.0, 43.0
2364.0, 382.0, 37.0
2365.0, 382.0, 37.0
2366.0, 385.0, 35.0
2367.0, 391.0, 34.0
2368.0, 395.0, 31.0
2369.0, 402.0, 31.0
2370.0, 409.0, 29.0
2371.0, 409.0, 29.0
2372.0, 417.0, 27.0
2373.0, 422.0, 27.0
2374.0, 434.0, 27.0
2375.0, 434.0, 27.0
2376.0, 441.0, 29.0
2377.0, 441.0, 29.0
2378.0, 450.0, 28.0
2379.0, 450.0, 28.0
2380.0, 462.0, 27.0
2381.0, 467.0, 27.0
2382.0, 473.0, 25.0
2383.0, 476.0, 24.0
2384.0, 476.0, 24.0
2385.0, 490.0, 23.0
2386.0, 496.0, 21.0
2387.0, 496.0, 21.0
2388.0, 508.0, 20.0
2389.0, 513.0, 20.0
2390.0, 520.0, 20.0
2391.0, 520.0, 20.0
2392.0, 526.0, 18.0
2393.0, 533.0, 17.0
2394.0, 545.0, 19.0
2395.0, 545.0, 19.0
2396.0, 555.0, 21.0
2397.0, 555.0, 21.0
2398.0, 566.0, 21.0
2399.0, 566.0, 21.0
2400.0, 570.0, 21.0
2401.0, 574.0, 20.0
2402.0, 577.0, 21.0
2403.0, 589.0, 22.0
2404.0, 590.0, 24.0
2405.0, 596.0, 24.0
2406.0, 596.0, 24.0
2407.0, 602.0, 22.0
2408.0, 612.0, 23.0
2409.0, 612.0, 23.0
2410.0, 621.0, 22.0
2411.0, 627.0, 22.0
2412.0, 627.0, 22.0
2413.0, 633.0, 23.0
2414.0, 642.0, 23.0
2415.0, 642.0, 23.0
2416.0, 646.0, 24.0
2417.0, 658.0, 23.0
2418.0, 658.0, 23.0
2419.0, 665.0, 24.0
2420.0, 665.0, 24.0
2421.0, 678.0, 25.0
2422.0, 678.0, 26.0
2423.0, 678.0, 26.0
2424.0, 688.0, 25.0
2425.0, 688.0, 25.0
2426.0, 697.0, 25.0
2427.0, 700.0, 25.0
2428.0, 700.0, 25.0
2429.0, 699.0, 25.0
2430.0, 703.0, 28.0
2431.0, 703.0, 28.0
2432.0, 709.0, 30.0
2433.0, 716.0, 30.0
2434.0, 716.0, 30.0
2435.0, 724.0, 31.0
2436.0, 728.0, 30.0
2437.0, 730.0, 29.0
2438.0, 730.0, 29.0
2439.0, 738.0, 30.0
2440.0, 741.0, 30.0
2441.0, 741.0, 30.0
2442.0, 743.0, 31.0
2443.0, 749.0, 31.0
2444.0, 751.0, 31.0
2445.0, 751.0, 31.0
2446.0, 753.0, 31.0
2447.0, 756.0, 32.0
2448.0, 763.0, 32.0
2449.0, 764.0, 32.0
2450.0, 764.0, 32.0
2451.0, 767.0, 31.0
2452.0, 770.0, 30.0
2453.0, 770.0, 30.0
2454.0, 770.0, 34.0
2455.0, 770.0, 34.0
2456.0, 771.0, 37.0
2457.0, 771.0, 37.0
2458.0, 773.0, 40.0
2459.0, 771.0, 42.0
2460.0, 768.0, 43.0
2461.0, 767.0, 42.0
2462.0, 769.0, 41.0
2463.0, 769.0, 41.0
2464.0, 763.0, 45.0
2465.0, 763.0, 46.0
2466.0, 763.0, 46.0
2467.0, 762.0, 45.0
2468.0, 762.0, 45.0
2469.0, 759.0, 48.0
2470.0, 759.0, 48.0
2471.0, 753.0, 48.0
2472.0, 747.0, 49.0
2473.0, 747.0, 49.0
2474.0, 744.0, 50.0
2475.0, 740.0, 54.0
2476.0, 740.0, 54.0
2477.0, 731.0, 56.0
2478.0, 733.0, 57.0
2479.0, 728.0, 58.0
2480.0, 721.0, 59.0
2481.0, 711.0, 58.0
2482.0, 711.0, 58.0
2483.0, 708.0, 58.0
2484.0, 704.0, 55.0
2485.0, 699.0, 58.0
2486.0, 693.0, 60.0
2487.0, 690.0, 62.0
2488.0, 690.0, 62.0
2489.0, 692.0, 60.0
2490.0, 680.0, 61.0
2491.0, 680.0, 61.0
2492.0, 670.0, 62.0
2493.0, 664.0, 61.0
2494.0, 664.0, 61.0
2495.0, 657.0, 64.0
2496.0, 651.0, 67.0
2497.0, 651.0, 67.0
2498.0, 632.0, 70.0
2499.0, 623.0, 69.0
2500.0, 623.0, 69.0
2501.0, 607.0, 70.0
2502.0, 607.0, 70.0
2503.0, 601.0, 74.0
2504.0, 591.0, 73.0
2505.0, 586.0, 77.0
2506.0, 586.0, 77.0
2507.0, 583.0, 76.0
2508.0, 572.0, 76.0
2509.0, 570.0, 76.0
2510.0, 560.0, 72.0
2511.0, 559.0, 70.0
2512.0, 555.0, 69.0
2513.0, 555.0, 69.0
2514.0, 551.0, 71.0
2515.0, 548.0, 69.0
2516.0, 548.0, 69.0
2517.0, 537.0, 69.0
2518.0, 537.0, 69.0
2519.0, 530.0, 68.0
2520.0, 527.0, 67.0
2521.0, 527.0, 70.0
2522.0, 527.0, 70.0
2523.0, 524.0, 67.0
2524.0, 522.0, 62.0
2525.0, 524.0, 59.0
2526.0, 524.0, 59.0
2527.0, 527.0, 58.0
2528.0, 522.0, 58.0
2529.0, 522.0, 58.0
2530.0, 518.0, 60.0
2531.0, 515.0, 60.0
2532.0, 512.0, 61.0
2533.0, 509.0, 62.0
2534.0, 505.0, 61.0
2535.0, 505.0, 61.0
2536.0, 508.0, 60.0
2537.0, 508.0, 58.0
2538.0, 508.0, 58.0
2539.0, 510.0, 57.0
2540.0, 514.0, 56.0
2541.0, 515.0, 50.0
2542.0, 512.0, 50.0
2543.0, 516.0, 51.0
2544.0, 515.0, 48.0
2545.0, 516.0, 50.0
2546.0, 516.0, 50.0
2547.0, 507.0, 49.0
2548.0, 507.0, 49.0
2549.0, 498.0, 50.0
2550.0, 494.0, 51.0
2551.0, 492.0, 52.0
2552.0, 492.0, 52.0
2553.0, 496.0, 53.0
2554.0, 496.0, 53.0
2555.0, 493.0, 53.0
2556.0, 489.0, 48.0
2557.0, 489.0, 48.0
2558.0, 486.0, 50.0
2559.0, 481.0, 53.0
2560.0, 480.0, 55.0
2561.0, 480.0, 55.0
2562.0, 479.0, 55.0
2563.0, 481.0, 54.0
2564.0, 478.0, 54.0
2565.0, 478.0, 54.0
2566.0, 469.0, 56.0
2567.0, 469.0, 56.0
2568.0, 471.0, 54.0
2569.0, 468.0, 52.0
2570.0, 468.0, 52.0
2571.0, 465.0, 53.0
2572.0, 462.0, 58.0
2573.0, 458.0, 56.0
2574.0, 457.0, 54.0
2575.0, 452.0, 54.0
2576.0, 452.0, 54.0
2577.0, 451.0, 53.0
2578.0, 448.0, 55.0
2579.0, 446.0, 56.0
2580.0, 446.0, 56.0
2581.0, 446.0, 55.0
2582.0, 444.0, 52.0
2583.0, 444.0, 52.0
2584.0, 444.0, 53.0
2585.0, 437.0, 54.0
2586.0, 437.0, 54.0
2587.0, 437.0, 54.0
2588.0, 435.0, 53.0
2589.0, 432.0, 55.0
2590.0, 429.0, 53.0
2591.0, 430.0, 55.0
2592.0, 434.0, 54.0
2593.0, 434.0, 54.0
2594.0, 438.0, 54.0
2595.0, 442.0, 50.0
2596.0, 443.0, 50.0
2597.0, 447.0, 50.0
2598.0, 450.0, 48.0
2599.0, 453.0, 46.0
2600.0, 459.0, 45.0
2601.0, 459.0, 45.0
2602.0, 468.0, 46.0
2603.0, 471.0, 42.0
2604.0, 471.0, 42.0
2605.0, 477.0, 37.0
2606.0, 481.0, 34.0
2607.0, 481.0, 34.0
2608.0, 486.0, 35.0
2609.0, 492.0, 35.0
2610.0, 499.0, 35.0
2611.0, 499.0, 35.0
2612.0, 505.0, 35.0
2613.0, 506.0, 33.0
2614.0, 516.0, 31.0
2615.0, 517.0, 31.0
2616.0, 517.0, 31.0
2617.0, 526.0, 32.0
2618.0, 526.0, 32.0
2619.0, 531.0, 33.0
2620.0, 534.0, 32.0
2621.0, 535.0, 30.0
2622.0, 538.0, 27.0
2623.0, 538.0, 27.0
2624.0, 543.0, 29.0
2625.0, 549.0, 30.0
2626.0, 549.0, 30.0
2627.0, 556.0, 31.0
2628.0, 556.0, 31.0
2629.0, 560.0, 31.0
2630.0, 566.0, 29.0
2631.0, 567.0, 29.0
2632.0, 570.0, 29.0
2633.0, 570.0, 29.0
2634.0, 571.0, 31.0
2635.0, 575.0, 33.0
2636.0, 582.0, 34.0
2637.0, 582.0, 34.0
2638.0, 584.0, 34.0
2639.0, 589.0, 33.0
2640.0, 589.0, 33.0
2641.0, 588.0, 33.0
2642.0, 592.0, 34.0
2643.0, 589.0, 36.0
2644.0, 589.0, 36.0
2645.0, 590.0, 37.0
2646.0, 594.0, 36.0
2647.0, 594.0, 36.0
2648.0, 598.0, 39.0
2649.0, 600.0, 40.0
2650.0, 601.0, 40.0
2651.0, 601.0, 40.0
2652.0, 605.0, 40.0
2653.0, 606.0, 37.0
2654.0, 613.0, 38.0
2655.0, 621.0, 37.0
2656.0, 621.0, 37.0
2657.0, 624.0, 36.0
2658.0, 629.0, 36.0
2659.0, 635.0, 33.0
2660.0, 641.0, 33.0
2661.0, 641.0, 33.0
2662.0, 644.0, 28.0
2663.0, 643.0, 33.0
2664.0, 649.0, 32.0
2665.0, 646.0, 33.0
2666.0, 646.0, 33.0
2667.0, 648.0, 36.0
2668.0, 650.0, 36.0
2669.0, 651.0, 36.0
2670.0, 654.0, 36.0
2671.0, 656.0, 39.0
2672.0, 654.0, 39.0
2673.0, 654.0, 39.0
2674.0, 656.0, 38.0
2675.0, 660.0, 39.0
2676.0, 661.0, 40.0
2677.0, 658.0, 38.0
2678.0, 660.0, 39.0
2679.0, 660.0, 39.0
2680.0, 663.0, 41.0
2681.0, 661.0, 40.0
2682.0, 661.0, 40.0
2683.0, 660.0, 43.0
2684.0, 657.0, 44.0
2685.0, 657.0, 44.0
2686.0, 652.0, 45.0
2687.0, 652.0, 45.0
2688.0, 651.0, 48.0
2689.0, 651.0, 48.0
2690.0, 646.0, 52.0
2691.0, 645.0, 54.0
2692.0, 639.0, 55.0
2693.0, 636.0, 54.0
2694.0, 636.0, 54.0
2695.0, 618.0, 57.0
2696.0, 618.0, 60.0
2697.0, 618.0, 60.0
2698.0, 611.0, 60.0
2699.0, 610.0, 58.0
2700.0, 610.0, 58.0
2701.0, 606.0, 57.0
2702.0, 606.0, 57.0
2703.0, 604.0, 57.0
2704.0, 604.0, 57.0
2705.0, 597.0, 56.0
2706.0, 597.0, 56.0
2707.0, 591.0, 58.0
2708.0, 591.0, 59.0
2709.0, 586.0, 61.0
2710.0, 585.0, 61.0
2711.0, 585.0, 61.0
2712.0, 578.0, 59.0
2713.0, 568.0, 59.0
2714.0, 568.0, 57.0
2715.0, 568.0, 57.0
2716.0, 566.0, 59.0
2717.0, 567.0, 61.0
2718.0, 558.0, 59.0
2719.0, 555.0, 57.0
2720.0, 555.0, 56.0
2721.0, 555.0, 56.0
2722.0, 554.0, 59.0
2723.0, 552.0, 64.0
2724.0, 543.0, 60.0
2725.0, 539.0, 60.0
2726.0, 538.0, 62.0
2727.0, 538.0, 62.0
2728.0, 534.0, 62.0
2729.0, 529.0, 60.0
2730.0, 529.0, 60.0
2731.0, 523.0, 61.0
2732.0, 516.0, 61.0
2733.0, 512.0, 60.0
2734.0, 512.0, 60.0
2735.0, 509.0, 60.0
2736.0, 508.0, 63.0
2737.0, 506.0, 62.0
2738.0, 505.0, 64.0
2739.0, 498.0, 61.0
2740.0, 498.0, 61.0
2741.0, 494.0, 63.0
2742.0, 493.0, 59.0
2743.0, 491.0, 58.0
2744.0, 491.0, 58.0
2745.0, 489.0, 57.0
2746.0, 492.0, 57.0
2747.0, 492.0, 57.0
2748.0, 487.0, 57.0
2749.0, 487.0, 57.0
2750.0, 486.0, 57.0
2751.0, 486.0, 57.0
2752.0, 483.0, 56.0
2753.0, 483.0, 56.0
2754.0, 483.0, 56.0
2755.0, 487.0, 56.0
2756.0, 480.0, 55.0
2757.0, 480.0, 55.0
2758.0, 479.0, 54.0
2759.0, 482.0, 52.0
2760.0, 486.0, 52.0
2761.0, 488.0, 52.0
2762.0, 492.0, 52.0
2763.0, 497.0, 49.0
2764.0, 497.0, 46.0
2765.0, 497.0, 46.0
2766.0, 496.0, 46.0
2767.0, 494.0, 44.0
2768.0, 494.0, 44.0
2769.0, 502.0, 41.0
2770.0, 502.0, 41.0
2771.0, 508.0, 39.0
2772.0, 514.0, 38.0
2773.0, 514.0, 38.0
2774.0, 519.0, 37.0
2775.0, 520.0, 36.0
2776.0, 524.0, 36.0
2777.0, 524.0, 37.0
2778.0, 528.0, 38.0
2779.0, 527.0, 37.0
2780.0, 528.0, 35.0
2781.0, 528.0, 35.0
2782.0, 533.0, 34.0
2783.0, 542.0, 34.0
2784.0, 542.0, 34.0
2785.0, 549.0, 34.0
2786.0, 549.0, 34.0
2787.0, 557.0, 34.0
2788.0, 556.0, 35.0
2789.0, 556.0, 35.0
2790.0, 560.0, 37.0
2791.0, 560.0, 37.0
2792.0, 558.0, 38.0
2793.0, 556.0, 38.0
2794.0, 556.0, 38.0
2795.0, 556.0, 40.0
2796.0, 553.0, 42.0
2797.0, 557.0, 41.0
2798.0, 560.0, 41.0
2799.0, 562.0, 40.0
2800.0, 562.0, 40.0
2801.0, 567.0, 40.0
2802.0, 570.0, 40.0
2803.0, 570.0, 40.0
2804.0, 572.0, 37.0
2805.0, 572.0, 37.0
2806.0, 576.0, 38.0
2807.0, 576.0, 38.0
2808.0, 577.0, 38.0
2809.0, 584.0, 39.0
2810.0, 584.0, 39.0
2811.0, 581.0, 40.0
2812.0, 582.0, 39.0
2813.0, 582.0, 39.0
2814.0, 580.0, 39.0
2815.0, 580.0, 39.0
2816.0, 587.0, 40.0
2817.0, 590.0, 39.0
2818.0, 590.0, 40.0
2819.0, 590.0, 40.0
2820.0, 590.0, 42.0
2821.0, 593.0, 41.0
2822.0, 595.0, 40.0
2823.0, 592.0, 42.0
2824.0, 592.0, 42.0
2825.0, 594.0, 43.0
2826.0, 594.0, 43.0
2827.0, 600.0, 41.0
2828.0, 600.0, 41.0
2829.0, 604.0, 41.0
2830.0, 604.0, 41.0
2831.0, 609.0, 41.0
2832.0, 608.0, 39.0
2833.0, 608.0, 39.0
2834.0, 611.0, 42.0
2835.0, 611.0, 41.0
2836.0, 611.0, 41.0
2837.0, 617.0, 40.0
2838.0, 617.0, 40.0
2839.0, 621.0, 39.0
2840.0, 625.0, 38.0
2841.0, 627.0, 37.0
2842.0, 632.0, 35.0
2843.0, 632.0, 35.0
2844.0, 635.0, 38.0
2845.0, 635.0, 39.0
2846.0, 637.0, 39.0
2847.0, 640.0, 37.0
2848.0, 643.0, 38.0
2849.0, 643.0, 38.0
2850.0, 646.0, 36.0
2851.0, 651.0, 35.0
2852.0, 652.0, 37.0
2853.0, 652.0, 37.0
2854.0, 657.0, 37.0
2855.0, 663.0, 35.0
2856.0, 669.0, 35.0
2857.0, 669.0, 35.0
2858.0, 671.0, 35.0
2859.0, 675.0, 35.0
2860.0, 679.0, 37.0
2861.0, 682.0, 38.0
2862.0, 682.0, 38.0
2863.0, 688.0, 36.0
2864.0, 692.0, 37.0
2865.0, 692.0, 38.0
2866.0, 692.0, 38.0
2867.0, 693.0, 39.0
2868.0, 692.0, 40.0
2869.0, 692.0, 40.0
2870.0, 693.0, 37.0
2871.0, 690.0, 39.0
2872.0, 690.0, 39.0
2873.0, 683.0, 41.0
2874.0, 682.0, 43.0
2875.0, 682.0, 43.0
2876.0, 683.0, 44.0
2877.0, 684.0, 45.0
2878.0, 682.0, 45.0
2879.0, 682.0, 45.0
2880.0, 673.0, 47.0
2881.0, 673.0, 47.0
2882.0, 670.0, 50.0
2883.0, 670.0, 50.0
2884.0, 674.0, 50.0
2885.0, 668.0, 50.0
2886.0, 663.0, 52.0
2887.0, 656.0, 54.0
2888.0, 661.0, 55.0
2889.0, 661.0, 54.0
2890.0, 658.0, 55.0
2891.0, 658.0, 55.0
2892.0, 655.0, 57.0
2893.0, 655.0, 55.0
2894.0, 649.0, 55.0
2895.0, 649.0, 58.0
2896.0, 648.0, 56.0
2897.0, 643.0, 57.0
2898.0, 641.0, 56.0
2899.0, 635.0, 55.0
2900.0, 635.0, 55.0
2901.0, 625.0, 55.0
2902.0, 625.0, 55.0
2903.0, 621.0, 58.0
2904.0, 620.0, 59.0
2905.0, 610.0, 58.0
2906.0, 613.0, 58.0
2907.0, 613.0, 58.0
2908.0, 610.0, 60.0
2909.0, 606.0, 62.0
2910.0, 606.0, 62.0
2911.0, 599.0, 64.0
2912.0, 590.0, 62.0
2913.0, 582.0, 61.0
2914.0, 562.0, 72.0
2915.0, 558.0, 72.0
2916.0, 557.0, 70.0
2917.0, 557.0, 70.0
2918.0, 548.0, 70.0
2919.0, 548.0, 70.0
2920.0, 543.0, 69.0
2921.0, 542.0, 71.0
2922.0, 529.0, 68.0
2923.0, 529.0, 68.0
2924.0, 523.0, 68.0
2925.0, 521.0, 66.0
2926.0, 526.0, 60.0
2927.0, 526.0, 60.0
2928.0, 529.0, 58.0
2929.0, 529.0, 58.0
2930.0, 529.0, 54.0
2931.0, 528.0, 53.0
2932.0, 532.0, 53.0
2933.0, 532.0, 53.0
2934.0, 533.0, 54.0
2935.0, 533.0, 51.0
2936.0, 536.0, 51.0
2937.0, 542.0, 48.0
2938.0, 545.0, 46.0
2939.0, 545.0, 46.0
2940.0, 551.0, 46.0
2941.0, 551.0, 46.0
2942.0, 551.0, 46.0
2943.0, 557.0, 44.0
2944.0, 563.0, 43.0
2945.0, 563.0, 42.0
2946.0, 563.0, 42.0
2947.0, 567.0, 40.0
2948.0, 567.0, 40.0
2949.0, 567.0, 38.0
2950.0, 567.0, 38.0
2951.0, 570.0, 40.0
2952.0, 576.0, 39.0
2953.0, 577.0, 37.0
2954.0, 577.0, 37.0
2955.0, 581.0, 38.0
2956.0, 581.0, 38.0
2957.0, 584.0, 39.0
2958.0, 584.0, 38.0
2959.0, 587.0, 37.0
2960.0, 588.0, 36.0
2961.0, 589.0, 35.0
2962.0, 589.0, 34.0
2963.0, 592.0, 38.0
2964.0, 596.0, 37.0
2965.0, 594.0, 38.0
2966.0, 596.0, 39.0
2967.0, 600.0, 41.0
2968.0, 600.0, 41.0
2969.0, 601.0, 43.0
2970.0, 601.0, 43.0
2971.0, 598.0, 44.0
2972.0, 602.0, 44.0
2973.0, 605.0, 41.0
2974.0, 605.0, 41.0
2975.0, 614.0, 38.0
2976.0, 616.0, 39.0
2977.0, 619.0, 37.0
2978.0, 619.0, 37.0
2979.0, 619.0, 38.0
2980.0, 626.0, 38.0
2981.0, 630.0, 37.0
2982.0, 630.0, 37.0
2983.0, 631.0, 34.0
2984.0, 636.0, 36.0
2985.0, 636.0, 36.0
2986.0, 639.0, 35.0
2987.0, 641.0, 35.0
2988.0, 647.0, 37.0
2989.0, 647.0, 37.0
2990.0, 656.0, 35.0
2991.0, 656.0, 35.0
2992.0, 661.0, 33.0
2993.0, 661.0, 33.0
2994.0, 662.0, 35.0
2995.0, 670.0, 33.0
2996.0, 677.0, 32.0
2997.0, 682.0, 30.0
2998.0, 682.0, 30.0
2999.0, 687.0, 30.0
3000.0, 696.0, 28.0
3001.0, 698.0, 27.0
3002.0, 698.0, 27.0
3003.0, 701.0, 27.0
3004.0, 710.0, 25.0
3005.0, 710.0, 25.0
3006.0, 721.0, 27.0
3007.0, 723.0, 26.0
3008.0, 724.0, 27.0
3009.0, 727.0, 29.0
3010.0, 727.0, 29.0
3011.0, 735.0, 30.0
3012.0, 735.0, 30.0
3013.0, 737.0, 31.0
3014.0, 737.0, 31.0
3015.0, 741.0, 30.0
3016.0, 741.0, 30.0
3017.0, 743.0, 33.0
3018.0, 743.0, 33.0
3019.0, 752.0, 34.0
3020.0, 754.0, 34.0
3021.0, 759.0, 35.0
3022.0, 763.0, 33.0
3023.0, 766.0, 32.0
3024.0, 765.0, 33.0
3025.0, 765.0, 33.0
3026.0, 769.0, 34.0
3027.0, 770.0, 34.0
3028.0, 771.0, 36.0
3029.0, 771.0, 36.0
3030.0, 770.0, 37.0
3031.0, 771.0, 37.0
3032.0, 773.0, 38.0
3033.0, 775.0, 39.0
3034.0, 774.0, 38.0
3035.0, 774.0, 38.0
3036.0, 769.0, 39.0
3037.0, 769.0, 39.0
3038.0, 767.0, 42.0
3039.0, 767.0, 42.0
3040.0, 763.0, 42.0
3041.0, 761.0, 43.0
3042.0, 761.0, 43.0
3043.0, 757.0, 42.0
3044.0, 751.0, 45.0
3045.0, 751.0, 45.0
3046.0, 739.0, 50.0
3047.0, 739.0, 50.0
3048.0, 730.0, 52.0
3049.0, 725.0, 59.0
3050.0, 717.0, 61.0
3051.0, 711.0, 62.0
3052.0, 711.0, 62.0
3053.0, 697.0, 64.0
3054.0, 687.0, 66.0
3055.0, 676.0, 67.0
3056.0, 669.0, 69.0
3057.0, 669.0, 69.0
3058.0, 658.0, 72.0
3059.0, 643.0, 77.0
3060.0, 634.0, 76.0
3061.0, 634.0, 76.0
3062.0, 619.0, 78.0
3063.0, 617.0, 75.0
3064.0, 617.0, 75.0
3065.0, 601.0, 78.0
3066.0, 601.0, 78.0
3067.0, 589.0, 72.0
3068.0, 590.0, 72.0
3069.0, 590.0, 72.0
3070.0, 589.0, 74.0
3071.0, 584.0, 76.0
3072.0, 570.0, 76.0
3073.0, 559.0, 78.0
3074.0, 559.0, 78.0
3075.0, 543.0, 81.0
3076.0, 543.0, 81.0
3077.0, 533.0, 78.0
3078.0, 533.0, 78.0
3079.0, 528.0, 79.0
3080.0, 520.0, 76.0
3081.0, 515.0, 77.0
3082.0, 513.0, 78.0
3083.0, 513.0, 78.0
3084.0, 507.0, 73.0
3085.0, 506.0, 72.0
3086.0, 506.0, 72.0
3087.0, 506.0, 72.0
3088.0, 503.0, 73.0
3089.0, 498.0, 67.0
3090.0, 498.0, 67.0
3091.0, 499.0, 63.0
3092.0, 496.0, 63.0
3093.0, 490.0, 65.0
3094.0, 490.0, 65.0
3095.0, 480.0, 61.0
3096.0, 480.0, 61.0
3097.0, 477.0, 59.0
3098.0, 482.0, 56.0
3099.0, 482.0, 56.0
3100.0, 480.0, 55.0
3101.0, 480.0, 55.0
3102.0, 484.0, 54.0
3103.0, 488.0, 53.0
3104.0, 488.0, 53.0
3105.0, 491.0, 52.0
3106.0, 491.0, 52.0
3107.0, 486.0, 50.0
3108.0, 480.0, 48.0
3109.0, 475.0, 50.0
3110.0, 474.0, 50.0
3111.0, 471.0, 50.0
3112.0, 471.0, 50.0
3113.0, 471.0, 51.0
3114.0, 468.0, 50.0
3115.0, 468.0, 50.0
3116.0, 469.0, 51.0
3117.0, 469.0, 51.0
3118.0, 471.0, 52.0
3119.0, 467.0, 52.0
3120.0, 464.0, 53.0
3121.0, 468.0, 51.0
3122.0, 472.0, 48.0
3123.0, 477.0, 47.0
3124.0, 482.0, 45.0
3125.0, 474.0, 46.0
3126.0, 478.0, 46.0
3127.0, 480.0, 46.0
3128.0, 480.0, 46.0
3129.0, 479.0, 48.0
3130.0, 479.0, 48.0
3131.0, 482.0, 47.0
3132.0, 485.0, 48.0
3133.0, 485.0, 48.0
3134.0, 492.0, 44.0
3135.0, 494.0, 44.0
3136.0, 498.0, 44.0
3137.0, 504.0, 43.0
3138.0, 509.0, 40.0
3139.0, 509.0, 40.0
3140.0, 510.0, 41.0
3141.0, 512.0, 38.0
3142.0, 514.0, 37.0
3143.0, 514.0, 37.0
3144.0, 516.0, 38.0
3145.0, 520.0, 36.0
3146.0, 529.0, 36.0
3147.0, 529.0, 36.0
3148.0, 539.0, 32.0
3149.0, 539.0, 32.0
3150.0, 544.0, 32.0
3151.0, 549.0, 33.0
3152.0, 554.0, 32.0
3153.0, 559.0, 29.0
3154.0, 559.0, 29.0
3155.0, 569.0, 29.0
3156.0, 574.0, 28.0
3157.0, 574.0, 28.0
3158.0, 589.0, 25.0
3159.0, 595.0, 25.0
3160.0, 597.0, 25.0
3161.0, 598.0, 24.0
3162.0, 598.0, 24.0
3163.0, 603.0, 25.0
3164.0, 614.0, 25.0
3165.0, 614.0, 25.0
3166.0, 620.0, 26.0
3167.0, 627.0, 25.0
3168.0, 637.0, 22.0
3169.0, 639.0, 22.0
3170.0, 643.0, 21.0
3171.0, 647.0, 21.0
3172.0, 647.0, 21.0
3173.0, 653.0, 26.0
3174.0, 653.0, 26.0
3175.0, 658.0, 26.0
3176.0, 659.0, 26.0
3177.0, 660.0, 28.0
3178.0, 664.0, 26.0
3179.0, 668.0, 26.0
3180.0, 668.0, 26.0
3181.0, 670.0, 26.0
3182.0, 676.0, 30.0
3183.0, 681.0, 30.0
3184.0, 681.0, 30.0
3185.0, 684.0, 29.0
3186.0, 683.0, 32.0
3187.0, 680.0, 34.0
3188.0, 673.0, 33.0
3189.0, 676.0, 36.0
3190.0, 676.0, 36.0
3191.0, 678.0, 38.0
3192.0, 677.0, 39.0
3193.0, 677.0, 40.0
3194.0, 674.0, 40.0
3195.0, 674.0, 40.0
3196.0, 674.0, 41.0
3197.0, 671.0, 42.0
3198.0, 663.0, 49.0
3199.0, 655.0, 49.0
3200.0, 655.0, 53.0
3201.0, 655.0, 53.0
3202.0, 655.0, 55.0
3203.0, 655.0, 55.0
3204.0, 653.0, 52.0
3205.0, 650.0, 55.0
3206.0, 650.0, 55.0
3207.0, 647.0, 54.0
3208.0, 643.0, 54.0
3209.0, 643.0, 54.0
3210.0, 641.0, 50.0
3211.0, 637.0, 52.0
3212.0, 634.0, 54.0
3213.0, 619.0, 56.0
3214.0, 621.0, 58.0
3215.0, 621.0, 58.0
3216.0, 617.0, 60.0
3217.0, 618.0, 61.0
3218.0, 616.0, 63.0
3219.0, 613.0, 60.0
3220.0, 612.0, 60.0
3221.0, 601.0, 59.0
3222.0, 596.0, 61.0
3223.0, 596.0, 61.0
3224.0, 596.0, 61.0
3225.0, 596.0, 61.0
3226.0, 586.0, 61.0
3227.0, 579.0, 61.0
3228.0, 579.0, 61.0
3229.0, 576.0, 63.0
3230.0, 572.0, 64.0
3231.0, 553.0, 69.0
3232.0, 552.0, 69.0
3233.0, 552.0, 69.0
3234.0, 550.0, 69.0
3235.0, 536.0, 69.0
3236.0, 536.0, 69.0
3237.0, 532.0, 70.0
3238.0, 532.0, 70.0
3239.0, 529.0, 66.0
3240.0, 529.0, 66.0
3241.0, 523.0, 66.0
3242.0, 519.0, 65.0
3243.0, 508.0, 65.0
3244.0, 508.0, 65.0
3245.0, 503.0, 69.0
3246.0, 496.0, 69.0
3247.0, 496.0, 68.0
3248.0, 501.0, 68.0
3249.0, 501.0, 68.0
3250.0, 501.0, 65.0
3251.0, 498.0, 61.0
3252.0, 500.0, 57.0
3253.0, 500.0, 57.0
3254.0, 502.0, 55.0
3255.0, 502.0, 55.0
3256.0, 513.0, 50.0
3257.0, 513.0, 50.0
3258.0, 518.0, 50.0
3259.0, 519.0, 50.0
3260.0, 522.0, 48.0
3261.0, 525.0, 45.0
3262.0, 525.0, 45.0
3263.0, 528.0, 42.0
3264.0, 536.0, 42.0
3265.0, 547.0, 39.0
3266.0, 547.0, 39.0
3267.0, 554.0, 32.0
3268.0, 554.0, 32.0
3269.0, 555.0, 30.0
3270.0, 563.0, 28.0
3271.0, 563.0, 28.0
3272.0, 563.0, 29.0
3273.0, 570.0, 31.0
3274.0, 570.0, 31.0
3275.0, 572.0, 31.0
3276.0, 575.0, 32.0
3277.0, 578.0, 32.0
3278.0, 578.0, 32.0
3279.0, 581.0, 32.0
3280.0, 583.0, 32.0
3281.0, 586.0, 32.0
3282.0, 582.0, 33.0
3283.0, 585.0, 34.0
3284.0, 591.0, 37.0
3285.0, 591.0, 37.0
3286.0, 588.0, 38.0
3287.0, 590.0, 39.0
3288.0, 589.0, 40.0
3289.0, 589.0, 40.0
3290.0, 591.0, 39.0
3291.0, 594.0, 40.0
3292.0, 594.0, 39.0
3293.0, 592.0, 42.0
3294.0, 592.0, 42.0
3295.0, 593.0, 42.0
3296.0, 588.0, 42.0
3297.0, 583.0, 40.0
3298.0, 587.0, 40.0
3299.0, 587.0, 40.0
3300.0, 587.0, 41.0
3301.0, 582.0, 42.0
3302.0, 583.0, 43.0
3303.0, 585.0, 43.0
3304.0, 586.0, 45.0
3305.0, 586.0, 45.0
3306.0, 591.0, 45.0
3307.0, 593.0, 47.0
3308.0, 593.0, 47.0
3309.0, 596.0, 48.0
3310.0, 603.0, 49.0
3311.0, 603.0, 49.0
3312.0, 602.0, 47.0
3313.0, 601.0, 46.0
3314.0, 598.0, 43.0
3315.0, 595.0, 44.0
3316.0, 598.0, 43.0
3317.0, 598.0, 43.0
3318.0, 598.0, 46.0
3319.0, 598.0, 46.0
3320.0, 598.0, 47.0
3321.0, 598.0, 47.0
3322.0, 600.0, 45.0
3323.0, 604.0, 46.0
3324.0, 604.0, 45.0
3325.0, 614.0, 44.0
3326.0, 614.0, 44.0
3327.0, 608.0, 42.0
3328.0, 608.0, 42.0
3329.0, 607.0, 43.0
3330.0, 607.0, 43.0
3331.0, 608.0, 46.0
3332.0, 612.0, 46.0
3333.0, 611.0, 47.0
3334.0, 611.0, 47.0
3335.0, 611.0, 49.0
3336.0, 608.0, 50.0
3337.0, 608.0, 50.0
3338.0, 607.0, 51.0
3339.0, 607.0, 51.0
3340.0, 610.0, 49.0
3341.0, 606.0, 49.0
3342.0, 605.0, 48.0
3343.0, 603.0, 48.0
3344.0, 603.0, 48.0
3345.0, 602.0, 48.0
3346.0, 605.0, 49.0
3347.0, 605.0, 49.0
3348.0, 602.0, 45.0
3349.0, 604.0, 44.0
3350.0, 604.0, 44.0
3351.0, 600.0, 45.0
3352.0, 593.0, 50.0
3353.0, 593.0, 50.0
3354.0, 592.0, 51.0
3355.0, 585.0, 52.0
3356.0, 588.0, 54.0
3357.0, 583.0, 54.0
3358.0, 583.0, 54.0
3359.0, 580.0, 53.0
3360.0, 580.0, 53.0
3361.0, 579.0, 53.0
3362.0, 579.0, 52.0
3363.0, 579.0, 52.0
3364.0, 583.0, 52.0
3365.0, 583.0, 52.0
3366.0, 582.0, 50.0
3367.0, 583.0, 46.0
3368.0, 591.0, 43.0
3369.0, 591.0, 43.0
3370.0, 595.0, 45.0
3371.0, 593.0, 44.0
3372.0, 593.0, 44.0
3373.0, 593.0, 43.0
3374.0, 596.0, 41.0
3375.0, 597.0, 42.0
3376.0, 597.0, 42.0
3377.0, 597.0, 43.0
3378.0, 597.0, 44.0
3379.0, 598.0, 44.0
3380.0, 598.0, 44.0
3381.0, 604.0, 43.0
3382.0, 604.0, 43.0
3383.0, 615.0, 43.0
3384.0, 617.0, 42.0
3385.0, 617.0, 42.0
3386.0, 617.0, 43.0
3387.0, 609.0, 44.0
3388.0, 611.0, 40.0
3389.0, 611.0, 40.0
3390.0, 615.0, 44.0
3391.0, 620.0, 44.0
3392.0, 619.0, 42.0
3393.0, 622.0, 43.0
3394.0, 622.0, 43.0
3395.0, 625.0, 43.0
3396.0, 627.0, 43.0
3397.0, 627.0, 43.0
3398.0, 634.0, 43.0
3399.0, 636.0, 43.0
3400.0, 640.0, 43.0
3401.0, 644.0, 41.0
3402.0, 641.0, 39.0
3403.0, 641.0, 39.0
3404.0, 644.0, 40.0
3405.0, 644.0, 40.0
3406.0, 644.0, 40.0
3407.0, 649.0, 42.0
3408.0, 649.0, 42.0
3409.0, 653.0, 40.0
3410.0, 653.0, 40.0
3411.0, 653.0, 38.0
3412.0, 655.0, 40.0
3413.0, 656.0, 40.0
3414.0, 656.0, 40.0
3415.0, 656.0, 40.0
3416.0, 656.0, 40.0
3417.0, 663.0, 40.0
3418.0, 662.0, 37.0
3419.0, 662.0, 39.0
3420.0, 661.0, 41.0
3421.0, 661.0, 41.0
3422.0, 669.0, 39.0
3423.0, 667.0, 38.0
3424.0, 667.0, 38.0
3425.0, 667.0, 39.0
3426.0, 664.0, 42.0
3427.0, 659.0, 43.0
3428.0, 655.0, 46.0
3429.0, 650.0, 45.0
3430.0, 650.0, 46.0
3431.0, 650.0, 49.0
3432.0, 650.0, 49.0
3433.0, 642.0, 51.0
3434.0, 643.0, 52.0
3435.0, 643.0, 52.0
3436.0, 643.0, 51.0
3437.0, 639.0, 51.0
3438.0, 634.0, 53.0
3439.0, 632.0, 53.0
3440.0, 632.0, 53.0
3441.0, 633.0, 52.0
3442.0, 629.0, 55.0
3443.0, 625.0, 56.0
3444.0, 625.0, 56.0
3445.0, 613.0, 56.0
3446.0, 613.0, 56.0
3447.0, 607.0, 57.0
3448.0, 607.0, 57.0
3449.0, 603.0, 59.0
3450.0, 597.0, 59.0
3451.0, 591.0, 61.0
3452.0, 587.0, 63.0
3453.0, 585.0, 63.0
3454.0, 581.0, 61.0
3455.0, 581.0, 64.0
3456.0, 581.0, 64.0
3457.0, 575.0, 67.0
3458.0, 570.0, 64.0
3459.0, 568.0, 65.0
3460.0, 558.0, 68.0
3461.0, 550.0, 66.0
3462.0, 543.0, 67.0
3463.0, 543.0, 67.0
3464.0, 538.0, 69.0
3465.0, 532.0, 72.0
3466.0, 525.0, 68.0
3467.0, 514.0, 72.0
3468.0, 507.0, 73.0
3469.0, 505.0, 73.0
3470.0, 498.0, 70.0
3471.0, 493.0, 70.0
3472.0, 488.0, 70.0
3473.0, 478.0, 72.0
3474.0, 470.0, 67.0
3475.0, 470.0, 67.0
3476.0, 472.0, 69.0
3477.0, 472.0, 69.0
3478.0, 474.0, 68.0
3479.0, 464.0, 67.0
3480.0, 462.0, 66.0
3481.0, 454.0, 66.0
3482.0, 458.0, 63.0
3483.0, 456.0, 64.0
3484.0, 451.0, 64.0
3485.0, 451.0, 64.0
3486.0, 444.0, 66.0
3487.0, 438.0, 64.0
