28 sept. 2020 à 11:58:04
RngSeed: 1601287081307
BirthTreshold: 20
GrassEnergy: 5.0
GrassGrowthRate: 50
GridSize: 20
NumInitGrass: 100
NumInitRabbits: 30

"tick", "Number of grass tile", "Number of rabbits"
1.0, 139.0, 27.0
2.0, 175.0, 30.0
3.0, 208.0, 33.0
4.0, 236.0, 37.0
5.0, 236.0, 37.0
5.0, 259.0, 44.0
6.0, 277.0, 53.0
7.0, 276.0, 71.0
8.0, 262.0, 92.0
9.0, 231.0, 125.0
10.0, 231.0, 125.0
10.0, 183.0, 165.0
11.0, 131.0, 204.0
12.0, 98.0, 244.0
13.0, 54.0, 278.0
14.0, 30.0, 306.0
15.0, 17.0, 334.0
15.0, 17.0, 334.0
16.0, 13.0, 351.0
17.0, 3.0, 357.0
18.0, 3.0, 364.0
19.0, 5.0, 365.0
20.0, 5.0, 365.0
20.0, 7.0, 366.0
21.0, 5.0, 370.0
22.0, 5.0, 367.0
23.0, 7.0, 364.0
24.0, 4.0, 363.0
25.0, 4.0, 363.0
25.0, 6.0, 370.0
26.0, 5.0, 365.0
27.0, 4.0, 363.0
28.0, 3.0, 364.0
29.0, 7.0, 366.0
30.0, 7.0, 366.0
30.0, 5.0, 358.0
31.0, 2.0, 355.0
32.0, 6.0, 354.0
33.0, 5.0, 345.0
34.0, 6.0, 349.0
35.0, 7.0, 344.0
35.0, 7.0, 344.0
36.0, 12.0, 337.0
37.0, 11.0, 337.0
38.0, 8.0, 333.0
39.0, 9.0, 329.0
40.0, 9.0, 329.0
40.0, 9.0, 324.0
41.0, 13.0, 319.0
42.0, 14.0, 310.0
43.0, 19.0, 307.0
44.0, 16.0, 304.0
45.0, 19.0, 302.0
45.0, 19.0, 302.0
46.0, 22.0, 294.0
47.0, 22.0, 293.0
48.0, 17.0, 295.0
49.0, 21.0, 292.0
50.0, 21.0, 292.0
50.0, 20.0, 288.0
51.0, 26.0, 293.0
52.0, 25.0, 292.0
53.0, 13.0, 293.0
54.0, 19.0, 297.0
55.0, 14.0, 298.0
55.0, 14.0, 298.0
56.0, 18.0, 303.0
57.0, 20.0, 306.0
58.0, 21.0, 301.0
59.0, 18.0, 302.0
60.0, 20.0, 302.0
60.0, 20.0, 302.0
61.0, 20.0, 304.0
62.0, 18.0, 309.0
63.0, 19.0, 309.0
64.0, 22.0, 307.0
65.0, 23.0, 300.0
65.0, 23.0, 300.0
66.0, 15.0, 296.0
67.0, 17.0, 300.0
68.0, 21.0, 302.0
69.0, 21.0, 302.0
70.0, 21.0, 302.0
70.0, 23.0, 300.0
71.0, 16.0, 301.0
72.0, 17.0, 303.0
73.0, 15.0, 300.0
74.0, 15.0, 301.0
75.0, 13.0, 305.0
75.0, 13.0, 305.0
76.0, 20.0, 303.0
77.0, 15.0, 304.0
78.0, 16.0, 295.0
79.0, 18.0, 296.0
80.0, 18.0, 296.0
80.0, 15.0, 296.0
81.0, 20.0, 301.0
82.0, 17.0, 302.0
83.0, 19.0, 301.0
84.0, 22.0, 301.0
85.0, 22.0, 301.0
85.0, 16.0, 297.0
86.0, 22.0, 301.0
87.0, 18.0, 302.0
88.0, 18.0, 298.0
89.0, 25.0, 304.0
90.0, 14.0, 305.0
90.0, 14.0, 305.0
91.0, 14.0, 306.0
92.0, 18.0, 302.0
93.0, 19.0, 304.0
94.0, 18.0, 305.0
95.0, 17.0, 307.0
95.0, 17.0, 307.0
96.0, 13.0, 312.0
97.0, 13.0, 306.0
98.0, 16.0, 305.0
99.0, 19.0, 306.0
100.0, 19.0, 306.0
100.0, 22.0, 308.0
101.0, 20.0, 312.0
102.0, 22.0, 309.0
103.0, 16.0, 309.0
104.0, 16.0, 308.0
105.0, 16.0, 308.0
105.0, 18.0, 311.0
106.0, 19.0, 311.0
107.0, 24.0, 305.0
108.0, 18.0, 299.0
109.0, 27.0, 297.0
110.0, 26.0, 297.0
110.0, 26.0, 297.0
111.0, 24.0, 290.0
112.0, 21.0, 287.0
113.0, 21.0, 291.0
114.0, 24.0, 286.0
115.0, 24.0, 286.0
115.0, 25.0, 289.0
116.0, 24.0, 290.0
117.0, 22.0, 287.0
118.0, 10.0, 288.0
119.0, 15.0, 291.0
120.0, 23.0, 296.0
120.0, 23.0, 296.0
121.0, 15.0, 302.0
122.0, 20.0, 307.0
123.0, 18.0, 306.0
124.0, 17.0, 302.0
125.0, 20.0, 301.0
125.0, 20.0, 301.0
126.0, 22.0, 299.0
127.0, 19.0, 302.0
128.0, 16.0, 302.0
129.0, 21.0, 302.0
130.0, 21.0, 302.0
130.0, 19.0, 302.0
131.0, 21.0, 302.0
132.0, 20.0, 305.0
133.0, 23.0, 305.0
134.0, 17.0, 298.0
135.0, 17.0, 298.0
135.0, 15.0, 299.0
136.0, 20.0, 298.0
137.0, 23.0, 296.0
138.0, 22.0, 300.0
139.0, 27.0, 298.0
140.0, 27.0, 298.0
140.0, 23.0, 295.0
141.0, 32.0, 284.0
142.0, 30.0, 283.0
143.0, 27.0, 289.0
144.0, 31.0, 292.0
145.0, 31.0, 292.0
145.0, 29.0, 292.0
146.0, 26.0, 296.0
147.0, 20.0, 294.0
148.0, 18.0, 292.0
149.0, 17.0, 294.0
150.0, 19.0, 297.0
150.0, 19.0, 297.0
151.0, 18.0, 299.0
152.0, 20.0, 296.0
153.0, 22.0, 296.0
154.0, 22.0, 297.0
155.0, 25.0, 294.0
155.0, 25.0, 294.0
156.0, 23.0, 298.0
157.0, 23.0, 295.0
158.0, 25.0, 297.0
159.0, 24.0, 301.0
160.0, 25.0, 301.0
160.0, 25.0, 301.0
161.0, 22.0, 305.0
162.0, 12.0, 312.0
163.0, 19.0, 318.0
164.0, 18.0, 320.0
165.0, 18.0, 320.0
165.0, 18.0, 316.0
166.0, 15.0, 312.0
167.0, 16.0, 317.0
168.0, 17.0, 316.0
169.0, 19.0, 318.0
170.0, 17.0, 318.0
170.0, 17.0, 318.0
171.0, 16.0, 317.0
172.0, 13.0, 318.0
173.0, 12.0, 309.0
174.0, 15.0, 310.0
175.0, 15.0, 310.0
175.0, 22.0, 299.0
176.0, 17.0, 296.0
177.0, 20.0, 299.0
178.0, 18.0, 301.0
179.0, 16.0, 300.0
180.0, 16.0, 300.0
180.0, 17.0, 296.0
181.0, 23.0, 299.0
182.0, 22.0, 299.0
183.0, 20.0, 292.0
184.0, 22.0, 295.0
185.0, 26.0, 293.0
185.0, 26.0, 293.0
186.0, 19.0, 298.0
187.0, 22.0, 301.0
188.0, 19.0, 301.0
189.0, 14.0, 299.0
190.0, 14.0, 299.0
190.0, 21.0, 292.0
191.0, 19.0, 293.0
192.0, 17.0, 291.0
193.0, 18.0, 295.0
194.0, 21.0, 290.0
195.0, 25.0, 292.0
195.0, 25.0, 292.0
196.0, 29.0, 297.0
197.0, 20.0, 297.0
198.0, 20.0, 306.0
199.0, 15.0, 310.0
200.0, 14.0, 309.0
200.0, 14.0, 309.0
201.0, 15.0, 315.0
202.0, 12.0, 314.0
203.0, 12.0, 314.0
204.0, 8.0, 312.0
205.0, 15.0, 302.0
205.0, 15.0, 302.0
206.0, 17.0, 300.0
207.0, 18.0, 294.0
208.0, 21.0, 297.0
209.0, 18.0, 295.0
210.0, 18.0, 295.0
210.0, 16.0, 296.0
211.0, 24.0, 307.0
212.0, 17.0, 310.0
213.0, 19.0, 308.0
214.0, 19.0, 303.0
215.0, 10.0, 303.0
215.0, 10.0, 303.0
216.0, 17.0, 304.0
217.0, 19.0, 306.0
218.0, 19.0, 310.0
219.0, 18.0, 303.0
220.0, 16.0, 299.0
220.0, 16.0, 299.0
221.0, 22.0, 299.0
222.0, 24.0, 297.0
223.0, 19.0, 298.0
224.0, 20.0, 296.0
225.0, 20.0, 296.0
225.0, 22.0, 300.0
226.0, 21.0, 298.0
227.0, 17.0, 303.0
228.0, 14.0, 308.0
229.0, 10.0, 314.0
230.0, 10.0, 314.0
230.0, 19.0, 314.0
231.0, 17.0, 309.0
232.0, 15.0, 306.0
233.0, 13.0, 305.0
234.0, 17.0, 304.0
235.0, 17.0, 304.0
235.0, 24.0, 308.0
236.0, 29.0, 308.0
237.0, 29.0, 300.0
238.0, 19.0, 303.0
239.0, 15.0, 299.0
240.0, 17.0, 297.0
240.0, 17.0, 297.0
241.0, 26.0, 296.0
242.0, 23.0, 291.0
243.0, 22.0, 292.0
244.0, 21.0, 295.0
245.0, 16.0, 299.0
245.0, 16.0, 299.0
246.0, 17.0, 299.0
247.0, 24.0, 295.0
248.0, 26.0, 299.0
249.0, 20.0, 297.0
250.0, 20.0, 297.0
250.0, 29.0, 295.0
251.0, 29.0, 292.0
252.0, 21.0, 292.0
253.0, 20.0, 296.0
254.0, 16.0, 296.0
255.0, 16.0, 296.0
255.0, 19.0, 295.0
256.0, 20.0, 290.0
257.0, 21.0, 293.0
258.0, 16.0, 293.0
259.0, 18.0, 293.0
260.0, 18.0, 293.0
260.0, 18.0, 293.0
261.0, 22.0, 287.0
262.0, 26.0, 286.0
263.0, 16.0, 289.0
264.0, 21.0, 287.0
265.0, 21.0, 287.0
265.0, 27.0, 289.0
266.0, 24.0, 294.0
267.0, 21.0, 298.0
268.0, 21.0, 296.0
269.0, 18.0, 292.0
270.0, 18.0, 292.0
270.0, 21.0, 286.0
271.0, 22.0, 280.0
272.0, 27.0, 281.0
273.0, 27.0, 278.0
274.0, 25.0, 278.0
275.0, 26.0, 281.0
275.0, 26.0, 281.0
276.0, 24.0, 284.0
277.0, 23.0, 288.0
278.0, 25.0, 285.0
279.0, 23.0, 292.0
280.0, 23.0, 292.0
280.0, 24.0, 291.0
281.0, 16.0, 296.0
282.0, 20.0, 291.0
283.0, 19.0, 294.0
284.0, 17.0, 293.0
285.0, 24.0, 297.0
285.0, 24.0, 297.0
286.0, 23.0, 299.0
287.0, 24.0, 297.0
288.0, 21.0, 298.0
289.0, 23.0, 297.0
290.0, 23.0, 297.0
290.0, 22.0, 293.0
291.0, 25.0, 296.0
292.0, 20.0, 301.0
293.0, 20.0, 308.0
294.0, 20.0, 305.0
295.0, 22.0, 304.0
295.0, 22.0, 304.0
296.0, 15.0, 308.0
297.0, 19.0, 304.0
298.0, 18.0, 296.0
299.0, 22.0, 293.0
300.0, 26.0, 294.0
300.0, 26.0, 294.0
301.0, 21.0, 290.0
302.0, 22.0, 293.0
303.0, 24.0, 298.0
304.0, 21.0, 299.0
305.0, 15.0, 294.0
305.0, 15.0, 294.0
306.0, 12.0, 295.0
307.0, 17.0, 298.0
308.0, 23.0, 304.0
309.0, 28.0, 302.0
310.0, 25.0, 304.0
310.0, 25.0, 304.0
311.0, 16.0, 307.0
312.0, 20.0, 309.0
313.0, 17.0, 314.0
314.0, 13.0, 315.0
315.0, 12.0, 316.0
315.0, 12.0, 316.0
316.0, 19.0, 313.0
317.0, 16.0, 313.0
318.0, 14.0, 313.0
319.0, 14.0, 312.0
320.0, 14.0, 312.0
320.0, 11.0, 308.0
321.0, 15.0, 309.0
322.0, 21.0, 307.0
323.0, 17.0, 310.0
324.0, 14.0, 308.0
325.0, 16.0, 308.0
325.0, 16.0, 308.0
326.0, 16.0, 314.0
327.0, 13.0, 310.0
328.0, 15.0, 308.0
329.0, 15.0, 302.0
330.0, 14.0, 298.0
330.0, 14.0, 298.0
331.0, 20.0, 297.0
332.0, 22.0, 296.0
333.0, 16.0, 299.0
334.0, 18.0, 296.0
335.0, 18.0, 296.0
335.0, 21.0, 293.0
336.0, 21.0, 293.0
337.0, 21.0, 295.0
338.0, 15.0, 298.0
339.0, 19.0, 296.0
340.0, 19.0, 293.0
340.0, 19.0, 293.0
341.0, 21.0, 296.0
342.0, 22.0, 296.0
343.0, 23.0, 294.0
344.0, 23.0, 295.0
345.0, 19.0, 293.0
345.0, 19.0, 293.0
346.0, 22.0, 298.0
347.0, 20.0, 291.0
348.0, 20.0, 295.0
349.0, 15.0, 295.0
350.0, 15.0, 295.0
350.0, 14.0, 298.0
351.0, 16.0, 301.0
352.0, 17.0, 304.0
353.0, 25.0, 309.0
354.0, 21.0, 309.0
355.0, 21.0, 309.0
355.0, 19.0, 308.0
356.0, 26.0, 304.0
357.0, 22.0, 310.0
358.0, 12.0, 318.0
359.0, 17.0, 319.0
360.0, 17.0, 319.0
360.0, 14.0, 317.0
361.0, 12.0, 312.0
362.0, 16.0, 315.0
363.0, 14.0, 316.0
364.0, 17.0, 311.0
365.0, 17.0, 311.0
365.0, 16.0, 311.0
366.0, 15.0, 307.0
367.0, 11.0, 309.0
368.0, 13.0, 304.0
369.0, 16.0, 303.0
370.0, 16.0, 303.0
370.0, 17.0, 302.0
371.0, 20.0, 303.0
372.0, 24.0, 297.0
373.0, 20.0, 292.0
374.0, 20.0, 288.0
375.0, 21.0, 292.0
375.0, 21.0, 292.0
376.0, 18.0, 292.0
377.0, 28.0, 293.0
378.0, 21.0, 293.0
379.0, 24.0, 293.0
380.0, 21.0, 296.0
380.0, 21.0, 296.0
381.0, 21.0, 302.0
382.0, 20.0, 302.0
383.0, 23.0, 303.0
384.0, 17.0, 299.0
385.0, 17.0, 299.0
385.0, 16.0, 303.0
386.0, 19.0, 304.0
387.0, 24.0, 304.0
388.0, 20.0, 299.0
389.0, 28.0, 301.0
390.0, 28.0, 301.0
390.0, 26.0, 295.0
391.0, 19.0, 291.0
392.0, 26.0, 288.0
393.0, 29.0, 290.0
394.0, 25.0, 286.0
395.0, 25.0, 286.0
395.0, 21.0, 288.0
396.0, 18.0, 288.0
397.0, 21.0, 292.0
398.0, 27.0, 291.0
399.0, 26.0, 288.0
400.0, 23.0, 295.0
400.0, 23.0, 295.0
401.0, 31.0, 290.0
402.0, 31.0, 289.0
403.0, 29.0, 289.0
404.0, 26.0, 296.0
405.0, 26.0, 295.0
405.0, 26.0, 295.0
406.0, 31.0, 297.0
407.0, 25.0, 300.0
408.0, 16.0, 299.0
409.0, 15.0, 304.0
410.0, 17.0, 306.0
410.0, 17.0, 306.0
411.0, 20.0, 304.0
412.0, 22.0, 305.0
413.0, 16.0, 306.0
414.0, 15.0, 306.0
415.0, 15.0, 306.0
415.0, 13.0, 302.0
416.0, 17.0, 307.0
417.0, 18.0, 302.0
418.0, 19.0, 301.0
419.0, 20.0, 302.0
420.0, 22.0, 303.0
420.0, 22.0, 303.0
421.0, 21.0, 305.0
422.0, 13.0, 314.0
423.0, 15.0, 310.0
424.0, 17.0, 310.0
425.0, 19.0, 308.0
425.0, 19.0, 308.0
426.0, 15.0, 310.0
427.0, 17.0, 313.0
428.0, 24.0, 310.0
429.0, 21.0, 303.0
430.0, 21.0, 303.0
430.0, 19.0, 302.0
431.0, 19.0, 304.0
432.0, 18.0, 302.0
433.0, 22.0, 298.0
434.0, 24.0, 296.0
435.0, 24.0, 296.0
435.0, 19.0, 297.0
436.0, 21.0, 297.0
437.0, 22.0, 299.0
438.0, 25.0, 296.0
439.0, 29.0, 297.0
440.0, 29.0, 297.0
440.0, 22.0, 295.0
441.0, 28.0, 300.0
442.0, 21.0, 301.0
443.0, 17.0, 306.0
444.0, 16.0, 303.0
445.0, 16.0, 303.0
445.0, 13.0, 307.0
446.0, 16.0, 304.0
447.0, 17.0, 299.0
448.0, 22.0, 290.0
449.0, 21.0, 287.0
450.0, 21.0, 289.0
450.0, 21.0, 289.0
451.0, 22.0, 284.0
452.0, 29.0, 291.0
453.0, 28.0, 292.0
454.0, 22.0, 289.0
455.0, 21.0, 291.0
455.0, 21.0, 291.0
456.0, 19.0, 293.0
457.0, 25.0, 295.0
458.0, 24.0, 291.0
459.0, 32.0, 289.0
460.0, 32.0, 289.0
460.0, 25.0, 291.0
461.0, 19.0, 301.0
462.0, 19.0, 302.0
463.0, 19.0, 303.0
464.0, 23.0, 300.0
465.0, 23.0, 300.0
465.0, 19.0, 308.0
466.0, 16.0, 307.0
467.0, 20.0, 307.0
468.0, 25.0, 304.0
469.0, 17.0, 301.0
470.0, 17.0, 301.0
470.0, 19.0, 306.0
471.0, 24.0, 307.0
472.0, 13.0, 303.0
473.0, 14.0, 306.0
474.0, 16.0, 309.0
475.0, 14.0, 306.0
475.0, 14.0, 306.0
476.0, 12.0, 309.0
477.0, 14.0, 313.0
478.0, 19.0, 315.0
479.0, 19.0, 312.0
480.0, 18.0, 308.0
480.0, 18.0, 308.0
481.0, 17.0, 305.0
482.0, 14.0, 304.0
483.0, 25.0, 307.0
484.0, 19.0, 302.0
485.0, 19.0, 302.0
485.0, 16.0, 310.0
486.0, 18.0, 306.0
487.0, 23.0, 312.0
488.0, 18.0, 311.0
489.0, 24.0, 308.0
490.0, 14.0, 312.0
490.0, 14.0, 312.0
491.0, 16.0, 315.0
492.0, 14.0, 308.0
493.0, 19.0, 309.0
494.0, 19.0, 301.0
495.0, 15.0, 298.0
495.0, 15.0, 298.0
496.0, 18.0, 296.0
497.0, 15.0, 294.0
498.0, 18.0, 294.0
499.0, 19.0, 291.0
500.0, 18.0, 287.0
500.0, 18.0, 287.0
501.0, 21.0, 286.0
502.0, 20.0, 290.0
503.0, 22.0, 284.0
504.0, 22.0, 288.0
505.0, 20.0, 291.0
505.0, 20.0, 291.0
506.0, 21.0, 299.0
507.0, 19.0, 298.0
508.0, 19.0, 297.0
509.0, 26.0, 302.0
510.0, 22.0, 299.0
510.0, 22.0, 299.0
511.0, 26.0, 303.0
512.0, 24.0, 301.0
513.0, 22.0, 300.0
514.0, 19.0, 301.0
515.0, 16.0, 299.0
515.0, 16.0, 299.0
516.0, 18.0, 302.0
517.0, 24.0, 301.0
518.0, 21.0, 303.0
519.0, 16.0, 308.0
520.0, 16.0, 308.0
520.0, 15.0, 315.0
521.0, 18.0, 314.0
522.0, 18.0, 309.0
523.0, 17.0, 309.0
524.0, 16.0, 304.0
525.0, 14.0, 304.0
525.0, 14.0, 304.0
526.0, 17.0, 302.0
527.0, 13.0, 300.0
528.0, 16.0, 303.0
529.0, 17.0, 303.0
530.0, 17.0, 303.0
530.0, 18.0, 299.0
531.0, 24.0, 296.0
532.0, 22.0, 293.0
533.0, 24.0, 298.0
534.0, 22.0, 294.0
535.0, 20.0, 294.0
535.0, 20.0, 294.0
536.0, 19.0, 296.0
537.0, 22.0, 298.0
538.0, 17.0, 291.0
539.0, 22.0, 293.0
540.0, 22.0, 293.0
540.0, 19.0, 293.0
541.0, 28.0, 289.0
542.0, 23.0, 292.0
543.0, 20.0, 298.0
544.0, 19.0, 298.0
545.0, 19.0, 298.0
545.0, 10.0, 299.0
546.0, 14.0, 298.0
547.0, 11.0, 301.0
548.0, 16.0, 304.0
549.0, 23.0, 302.0
550.0, 16.0, 306.0
550.0, 16.0, 306.0
551.0, 17.0, 302.0
552.0, 14.0, 304.0
553.0, 16.0, 304.0
554.0, 15.0, 305.0
555.0, 20.0, 303.0
555.0, 20.0, 303.0
556.0, 19.0, 298.0
557.0, 20.0, 297.0
558.0, 20.0, 301.0
559.0, 14.0, 303.0
560.0, 18.0, 305.0
560.0, 18.0, 305.0
561.0, 20.0, 306.0
562.0, 14.0, 304.0
563.0, 9.0, 305.0
564.0, 13.0, 297.0
565.0, 16.0, 294.0
565.0, 16.0, 294.0
566.0, 18.0, 297.0
567.0, 24.0, 295.0
568.0, 21.0, 294.0
569.0, 20.0, 292.0
570.0, 17.0, 293.0
570.0, 17.0, 293.0
571.0, 24.0, 292.0
572.0, 27.0, 297.0
573.0, 25.0, 297.0
574.0, 31.0, 297.0
575.0, 31.0, 297.0
575.0, 23.0, 291.0
576.0, 26.0, 295.0
577.0, 27.0, 298.0
578.0, 26.0, 295.0
579.0, 27.0, 290.0
580.0, 27.0, 290.0
580.0, 24.0, 289.0
581.0, 26.0, 287.0
582.0, 22.0, 284.0
583.0, 18.0, 286.0
584.0, 24.0, 293.0
585.0, 30.0, 292.0
585.0, 30.0, 292.0
586.0, 24.0, 287.0
587.0, 27.0, 286.0
588.0, 21.0, 291.0
589.0, 21.0, 297.0
590.0, 20.0, 302.0
590.0, 20.0, 302.0
591.0, 15.0, 311.0
592.0, 17.0, 314.0
593.0, 14.0, 312.0
594.0, 16.0, 315.0
595.0, 13.0, 313.0
595.0, 13.0, 313.0
596.0, 10.0, 313.0
597.0, 14.0, 312.0
598.0, 13.0, 308.0
599.0, 12.0, 310.0
600.0, 10.0, 310.0
600.0, 10.0, 310.0
601.0, 11.0, 308.0
602.0, 13.0, 303.0
603.0, 17.0, 306.0
604.0, 17.0, 297.0
605.0, 17.0, 297.0
605.0, 17.0, 295.0
606.0, 21.0, 294.0
607.0, 26.0, 297.0
608.0, 22.0, 301.0
609.0, 25.0, 305.0
610.0, 24.0, 304.0
610.0, 24.0, 304.0
611.0, 20.0, 306.0
612.0, 22.0, 302.0
613.0, 13.0, 302.0
614.0, 24.0, 303.0
615.0, 24.0, 303.0
615.0, 15.0, 303.0
616.0, 19.0, 309.0
617.0, 23.0, 308.0
618.0, 26.0, 308.0
619.0, 23.0, 308.0
620.0, 19.0, 302.0
620.0, 19.0, 302.0
621.0, 16.0, 301.0
622.0, 13.0, 307.0
623.0, 13.0, 310.0
624.0, 14.0, 310.0
625.0, 14.0, 310.0
625.0, 14.0, 310.0
626.0, 15.0, 315.0
627.0, 12.0, 319.0
628.0, 15.0, 315.0
629.0, 18.0, 316.0
630.0, 18.0, 314.0
630.0, 18.0, 314.0
631.0, 21.0, 316.0
632.0, 26.0, 312.0
633.0, 23.0, 314.0
634.0, 16.0, 316.0
635.0, 16.0, 316.0
635.0, 11.0, 315.0
636.0, 14.0, 311.0
637.0, 19.0, 311.0
638.0, 21.0, 307.0
639.0, 20.0, 306.0
640.0, 15.0, 308.0
640.0, 15.0, 308.0
641.0, 21.0, 312.0
642.0, 16.0, 305.0
643.0, 14.0, 305.0
644.0, 27.0, 310.0
645.0, 21.0, 304.0
645.0, 21.0, 304.0
646.0, 17.0, 302.0
647.0, 22.0, 298.0
648.0, 25.0, 295.0
649.0, 21.0, 293.0
650.0, 21.0, 293.0
650.0, 17.0, 296.0
651.0, 22.0, 293.0
652.0, 17.0, 294.0
653.0, 16.0, 290.0
654.0, 22.0, 294.0
655.0, 22.0, 294.0
655.0, 23.0, 295.0
656.0, 25.0, 297.0
657.0, 20.0, 296.0
658.0, 20.0, 300.0
659.0, 20.0, 302.0
660.0, 24.0, 296.0
660.0, 24.0, 296.0
661.0, 15.0, 289.0
662.0, 19.0, 290.0
663.0, 23.0, 292.0
664.0, 18.0, 295.0
665.0, 18.0, 295.0
665.0, 20.0, 295.0
666.0, 18.0, 293.0
667.0, 21.0, 291.0
668.0, 18.0, 294.0
669.0, 22.0, 295.0
670.0, 18.0, 287.0
670.0, 18.0, 287.0
671.0, 23.0, 283.0
672.0, 26.0, 286.0
673.0, 23.0, 285.0
674.0, 25.0, 281.0
675.0, 23.0, 285.0
675.0, 23.0, 285.0
676.0, 22.0, 283.0
677.0, 20.0, 280.0
678.0, 18.0, 284.0
679.0, 25.0, 283.0
680.0, 32.0, 286.0
680.0, 32.0, 286.0
681.0, 35.0, 287.0
682.0, 28.0, 291.0
683.0, 23.0, 300.0
684.0, 21.0, 297.0
685.0, 20.0, 292.0
685.0, 20.0, 292.0
686.0, 20.0, 291.0
687.0, 24.0, 289.0
688.0, 25.0, 293.0
689.0, 18.0, 299.0
690.0, 18.0, 299.0
690.0, 19.0, 302.0
691.0, 16.0, 299.0
692.0, 23.0, 300.0
693.0, 17.0, 298.0
694.0, 18.0, 302.0
695.0, 20.0, 300.0
695.0, 20.0, 300.0
696.0, 26.0, 299.0
697.0, 20.0, 294.0
698.0, 20.0, 297.0
699.0, 20.0, 300.0
700.0, 20.0, 300.0
700.0, 20.0, 299.0
701.0, 24.0, 303.0
702.0, 18.0, 302.0
703.0, 23.0, 303.0
704.0, 23.0, 299.0
705.0, 25.0, 297.0
705.0, 25.0, 297.0
706.0, 20.0, 297.0
707.0, 18.0, 296.0
708.0, 18.0, 300.0
709.0, 21.0, 295.0
710.0, 17.0, 295.0
710.0, 17.0, 295.0
711.0, 20.0, 293.0
712.0, 19.0, 297.0
713.0, 17.0, 294.0
714.0, 18.0, 301.0
715.0, 18.0, 301.0
715.0, 20.0, 299.0
716.0, 21.0, 303.0
717.0, 19.0, 297.0
718.0, 24.0, 299.0
719.0, 22.0, 300.0
720.0, 19.0, 295.0
720.0, 19.0, 295.0
721.0, 22.0, 293.0
722.0, 18.0, 291.0
723.0, 17.0, 294.0
724.0, 11.0, 296.0
725.0, 23.0, 295.0
725.0, 23.0, 295.0
726.0, 20.0, 297.0
727.0, 24.0, 299.0
728.0, 20.0, 305.0
729.0, 16.0, 303.0
730.0, 13.0, 301.0
730.0, 13.0, 301.0
731.0, 16.0, 299.0
732.0, 27.0, 292.0
733.0, 24.0, 292.0
734.0, 26.0, 288.0
735.0, 25.0, 292.0
735.0, 25.0, 292.0
736.0, 22.0, 296.0
737.0, 19.0, 290.0
738.0, 15.0, 297.0
739.0, 15.0, 298.0
740.0, 15.0, 298.0
740.0, 20.0, 298.0
741.0, 25.0, 299.0
742.0, 24.0, 298.0
743.0, 18.0, 301.0
744.0, 23.0, 299.0
745.0, 22.0, 298.0
745.0, 22.0, 298.0
746.0, 20.0, 301.0
747.0, 15.0, 305.0
748.0, 15.0, 306.0
749.0, 16.0, 309.0
750.0, 16.0, 309.0
750.0, 16.0, 303.0
751.0, 20.0, 303.0
752.0, 18.0, 299.0
753.0, 15.0, 303.0
754.0, 15.0, 299.0
755.0, 20.0, 298.0
755.0, 20.0, 298.0
756.0, 24.0, 301.0
757.0, 16.0, 303.0
758.0, 18.0, 304.0
759.0, 15.0, 304.0
760.0, 12.0, 303.0
760.0, 12.0, 303.0
761.0, 12.0, 299.0
762.0, 18.0, 301.0
763.0, 19.0, 302.0
764.0, 14.0, 302.0
765.0, 14.0, 302.0
765.0, 20.0, 303.0
766.0, 18.0, 301.0
767.0, 20.0, 299.0
768.0, 24.0, 306.0
769.0, 18.0, 301.0
770.0, 18.0, 301.0
770.0, 22.0, 302.0
771.0, 18.0, 300.0
772.0, 19.0, 298.0
773.0, 18.0, 295.0
774.0, 21.0, 302.0
775.0, 19.0, 301.0
775.0, 19.0, 301.0
776.0, 22.0, 307.0
777.0, 23.0, 301.0
778.0, 26.0, 300.0
779.0, 21.0, 299.0
780.0, 21.0, 299.0
780.0, 22.0, 300.0
781.0, 16.0, 302.0
782.0, 22.0, 301.0
783.0, 19.0, 300.0
784.0, 25.0, 301.0
785.0, 25.0, 301.0
785.0, 18.0, 300.0
786.0, 19.0, 301.0
787.0, 25.0, 298.0
788.0, 25.0, 296.0
789.0, 20.0, 292.0
790.0, 20.0, 292.0
790.0, 22.0, 295.0
791.0, 18.0, 299.0
792.0, 16.0, 295.0
793.0, 20.0, 294.0
794.0, 20.0, 300.0
795.0, 20.0, 300.0
795.0, 15.0, 301.0
796.0, 18.0, 296.0
797.0, 16.0, 294.0
798.0, 17.0, 297.0
799.0, 22.0, 295.0
800.0, 19.0, 297.0
800.0, 19.0, 297.0
801.0, 17.0, 298.0
802.0, 22.0, 291.0
803.0, 24.0, 292.0
804.0, 20.0, 294.0
805.0, 19.0, 291.0
805.0, 19.0, 291.0
806.0, 23.0, 299.0
807.0, 19.0, 303.0
808.0, 18.0, 300.0
809.0, 15.0, 300.0
810.0, 16.0, 300.0
810.0, 16.0, 300.0
811.0, 17.0, 299.0
812.0, 14.0, 300.0
813.0, 9.0, 294.0
814.0, 18.0, 295.0
815.0, 18.0, 295.0
815.0, 22.0, 297.0
816.0, 31.0, 299.0
817.0, 19.0, 300.0
818.0, 22.0, 302.0
819.0, 21.0, 305.0
820.0, 21.0, 305.0
820.0, 24.0, 301.0
821.0, 16.0, 299.0
822.0, 20.0, 304.0
823.0, 23.0, 299.0
824.0, 24.0, 299.0
825.0, 26.0, 301.0
825.0, 26.0, 301.0
826.0, 17.0, 300.0
827.0, 21.0, 299.0
828.0, 21.0, 301.0
829.0, 22.0, 300.0
830.0, 22.0, 300.0
830.0, 15.0, 303.0
831.0, 17.0, 301.0
832.0, 16.0, 301.0
833.0, 19.0, 295.0
834.0, 25.0, 295.0
835.0, 22.0, 299.0
835.0, 22.0, 299.0
836.0, 22.0, 300.0
837.0, 15.0, 299.0
838.0, 18.0, 301.0
839.0, 15.0, 295.0
840.0, 15.0, 295.0
840.0, 14.0, 296.0
841.0, 22.0, 288.0
842.0, 25.0, 289.0
843.0, 27.0, 290.0
844.0, 21.0, 290.0
845.0, 21.0, 290.0
845.0, 22.0, 296.0
846.0, 24.0, 298.0
847.0, 27.0, 296.0
848.0, 16.0, 299.0
849.0, 11.0, 296.0
850.0, 11.0, 296.0
850.0, 15.0, 300.0
851.0, 22.0, 303.0
852.0, 19.0, 300.0
853.0, 18.0, 298.0
854.0, 17.0, 296.0
855.0, 21.0, 301.0
855.0, 21.0, 301.0
856.0, 20.0, 299.0
857.0, 21.0, 302.0
858.0, 20.0, 304.0
859.0, 23.0, 304.0
860.0, 23.0, 304.0
860.0, 21.0, 302.0
861.0, 22.0, 296.0
862.0, 17.0, 301.0
863.0, 17.0, 306.0
864.0, 21.0, 302.0
865.0, 21.0, 302.0
865.0, 13.0, 303.0
866.0, 14.0, 302.0
867.0, 24.0, 299.0
868.0, 28.0, 300.0
869.0, 22.0, 295.0
870.0, 17.0, 295.0
870.0, 17.0, 295.0
871.0, 22.0, 295.0
872.0, 17.0, 295.0
873.0, 21.0, 295.0
874.0, 24.0, 297.0
875.0, 18.0, 298.0
875.0, 18.0, 298.0
876.0, 18.0, 298.0
877.0, 17.0, 298.0
878.0, 22.0, 298.0
879.0, 23.0, 295.0
880.0, 23.0, 295.0
880.0, 19.0, 296.0
881.0, 14.0, 293.0
882.0, 20.0, 291.0
883.0, 19.0, 291.0
884.0, 19.0, 290.0
885.0, 19.0, 288.0
885.0, 19.0, 288.0
886.0, 26.0, 289.0
887.0, 27.0, 287.0
888.0, 21.0, 286.0
889.0, 14.0, 292.0
890.0, 14.0, 292.0
890.0, 16.0, 295.0
891.0, 15.0, 298.0
892.0, 15.0, 295.0
893.0, 17.0, 292.0
894.0, 24.0, 293.0
895.0, 22.0, 295.0
895.0, 22.0, 295.0
896.0, 23.0, 304.0
897.0, 19.0, 304.0
898.0, 18.0, 302.0
899.0, 21.0, 304.0
900.0, 21.0, 304.0
900.0, 18.0, 302.0
901.0, 22.0, 304.0
902.0, 19.0, 304.0
903.0, 22.0, 303.0
904.0, 26.0, 305.0
905.0, 21.0, 306.0
905.0, 21.0, 306.0
906.0, 17.0, 309.0
907.0, 23.0, 308.0
908.0, 24.0, 309.0
909.0, 19.0, 307.0
910.0, 21.0, 300.0
910.0, 21.0, 300.0
911.0, 20.0, 297.0
912.0, 30.0, 295.0
913.0, 25.0, 292.0
914.0, 24.0, 286.0
915.0, 25.0, 285.0
915.0, 25.0, 285.0
916.0, 21.0, 291.0
917.0, 21.0, 288.0
918.0, 25.0, 284.0
919.0, 19.0, 285.0
920.0, 21.0, 287.0
920.0, 21.0, 287.0
921.0, 22.0, 286.0
922.0, 27.0, 285.0
923.0, 22.0, 285.0
924.0, 22.0, 289.0
925.0, 21.0, 290.0
925.0, 21.0, 290.0
926.0, 24.0, 291.0
927.0, 23.0, 290.0
928.0, 25.0, 296.0
929.0, 24.0, 296.0
930.0, 18.0, 296.0
930.0, 18.0, 296.0
931.0, 14.0, 292.0
932.0, 14.0, 288.0
933.0, 18.0, 293.0
934.0, 21.0, 291.0
935.0, 25.0, 290.0
935.0, 25.0, 290.0
936.0, 14.0, 291.0
937.0, 18.0, 290.0
938.0, 20.0, 292.0
939.0, 21.0, 295.0
940.0, 21.0, 295.0
940.0, 14.0, 296.0
941.0, 18.0, 298.0
942.0, 21.0, 300.0
943.0, 12.0, 307.0
944.0, 18.0, 310.0
945.0, 18.0, 310.0
945.0, 21.0, 305.0
946.0, 17.0, 307.0
947.0, 16.0, 306.0
948.0, 17.0, 304.0
949.0, 21.0, 308.0
950.0, 21.0, 308.0
950.0, 18.0, 307.0
951.0, 16.0, 306.0
952.0, 17.0, 306.0
953.0, 16.0, 304.0
954.0, 21.0, 300.0
955.0, 20.0, 298.0
955.0, 20.0, 298.0
956.0, 22.0, 298.0
957.0, 19.0, 303.0
958.0, 22.0, 303.0
959.0, 20.0, 302.0
960.0, 20.0, 302.0
960.0, 18.0, 300.0
961.0, 20.0, 304.0
962.0, 14.0, 303.0
963.0, 17.0, 302.0
964.0, 12.0, 306.0
965.0, 12.0, 306.0
965.0, 17.0, 312.0
966.0, 14.0, 307.0
967.0, 14.0, 309.0
968.0, 16.0, 307.0
969.0, 17.0, 309.0
970.0, 17.0, 312.0
970.0, 17.0, 312.0
971.0, 20.0, 312.0
972.0, 17.0, 305.0
973.0, 13.0, 305.0
974.0, 15.0, 308.0
975.0, 16.0, 304.0
975.0, 16.0, 304.0
976.0, 22.0, 301.0
977.0, 24.0, 300.0
978.0, 24.0, 297.0
979.0, 17.0, 302.0
980.0, 17.0, 302.0
980.0, 18.0, 299.0
981.0, 22.0, 295.0
982.0, 23.0, 294.0
983.0, 21.0, 296.0
984.0, 16.0, 295.0
985.0, 16.0, 295.0
985.0, 14.0, 300.0
986.0, 24.0, 302.0
987.0, 25.0, 301.0
988.0, 16.0, 299.0
989.0, 10.0, 298.0
990.0, 15.0, 305.0
990.0, 15.0, 305.0
991.0, 20.0, 300.0
992.0, 20.0, 302.0
993.0, 25.0, 305.0
994.0, 18.0, 303.0
995.0, 18.0, 303.0
995.0, 23.0, 301.0
996.0, 21.0, 296.0
997.0, 22.0, 300.0
998.0, 18.0, 302.0
999.0, 13.0, 312.0
1000.0, 13.0, 312.0
1000.0, 14.0, 308.0
1001.0, 9.0, 306.0
1002.0, 18.0, 308.0
1003.0, 20.0, 305.0
1004.0, 18.0, 301.0
1005.0, 18.0, 301.0
1005.0, 16.0, 295.0
1006.0, 20.0, 298.0
1007.0, 17.0, 301.0
1008.0, 21.0, 299.0
1009.0, 21.0, 302.0
1010.0, 21.0, 302.0
1010.0, 21.0, 294.0
1011.0, 16.0, 299.0
1012.0, 19.0, 298.0
1013.0, 23.0, 291.0
1014.0, 27.0, 289.0
1015.0, 27.0, 289.0
1015.0, 25.0, 289.0
1016.0, 11.0, 294.0
1017.0, 18.0, 298.0
1018.0, 19.0, 298.0
1019.0, 23.0, 302.0
1020.0, 18.0, 302.0
1020.0, 18.0, 302.0
1021.0, 15.0, 305.0
1022.0, 14.0, 300.0
1023.0, 18.0, 299.0
1024.0, 14.0, 299.0
1025.0, 16.0, 305.0
1025.0, 16.0, 305.0
1026.0, 22.0, 305.0
1027.0, 26.0, 304.0
1028.0, 27.0, 301.0
1029.0, 25.0, 304.0
1030.0, 20.0, 302.0
1030.0, 20.0, 302.0
1031.0, 24.0, 302.0
1032.0, 16.0, 300.0
1033.0, 19.0, 296.0
1034.0, 16.0, 303.0
1035.0, 16.0, 303.0
1035.0, 21.0, 305.0
1036.0, 23.0, 299.0
1037.0, 15.0, 298.0
1038.0, 17.0, 297.0
1039.0, 14.0, 303.0
1040.0, 15.0, 304.0
1040.0, 15.0, 304.0
1041.0, 15.0, 307.0
1042.0, 17.0, 307.0
1043.0, 10.0, 306.0
1044.0, 14.0, 305.0
1045.0, 14.0, 308.0
1045.0, 14.0, 308.0
1046.0, 14.0, 308.0
1047.0, 19.0, 306.0
1048.0, 14.0, 307.0
1049.0, 12.0, 309.0
1050.0, 12.0, 309.0
1050.0, 16.0, 309.0
1051.0, 21.0, 305.0
1052.0, 17.0, 302.0
1053.0, 18.0, 305.0
1054.0, 16.0, 306.0
1055.0, 15.0, 307.0
1055.0, 15.0, 307.0
1056.0, 18.0, 299.0
1057.0, 16.0, 297.0
1058.0, 12.0, 297.0
1059.0, 17.0, 299.0
1060.0, 17.0, 299.0
1060.0, 22.0, 297.0
1061.0, 16.0, 288.0
1062.0, 18.0, 290.0
1063.0, 19.0, 297.0
1064.0, 21.0, 297.0
1065.0, 21.0, 297.0
1065.0, 26.0, 293.0
1066.0, 24.0, 292.0
1067.0, 21.0, 292.0
1068.0, 21.0, 298.0
1069.0, 19.0, 302.0
1070.0, 19.0, 302.0
1070.0, 19.0, 301.0
1071.0, 21.0, 298.0
1072.0, 18.0, 298.0
1073.0, 10.0, 301.0
1074.0, 17.0, 304.0
1075.0, 17.0, 304.0
1075.0, 25.0, 301.0
1076.0, 19.0, 301.0
1077.0, 26.0, 303.0
1078.0, 29.0, 302.0
1079.0, 25.0, 304.0
1080.0, 20.0, 305.0
1080.0, 20.0, 305.0
1081.0, 19.0, 299.0
1082.0, 16.0, 299.0
1083.0, 22.0, 303.0
1084.0, 21.0, 305.0
1085.0, 16.0, 306.0
1085.0, 16.0, 306.0
1086.0, 19.0, 298.0
1087.0, 16.0, 296.0
1088.0, 15.0, 293.0
1089.0, 23.0, 292.0
1090.0, 23.0, 292.0
1090.0, 25.0, 290.0
1091.0, 24.0, 294.0
1092.0, 21.0, 292.0
1093.0, 22.0, 294.0
1094.0, 19.0, 287.0
1095.0, 19.0, 287.0
1095.0, 20.0, 290.0
1096.0, 18.0, 294.0
1097.0, 12.0, 297.0
1098.0, 15.0, 296.0
1099.0, 19.0, 298.0
1100.0, 21.0, 304.0
1100.0, 21.0, 304.0
1101.0, 12.0, 304.0
1102.0, 15.0, 302.0
1103.0, 15.0, 308.0
1104.0, 19.0, 302.0
1105.0, 19.0, 302.0
1105.0, 19.0, 302.0
1106.0, 15.0, 302.0
1107.0, 14.0, 300.0
1108.0, 17.0, 303.0
1109.0, 16.0, 308.0
1110.0, 16.0, 302.0
1110.0, 16.0, 302.0
1111.0, 15.0, 303.0
1112.0, 23.0, 300.0
1113.0, 23.0, 292.0
1114.0, 22.0, 299.0
1115.0, 22.0, 299.0
1115.0, 21.0, 300.0
1116.0, 21.0, 298.0
1117.0, 20.0, 304.0
1118.0, 18.0, 299.0
1119.0, 23.0, 298.0
1120.0, 24.0, 303.0
1120.0, 24.0, 303.0
1121.0, 21.0, 304.0
1122.0, 17.0, 303.0
1123.0, 15.0, 309.0
1124.0, 15.0, 311.0
1125.0, 15.0, 311.0
1125.0, 14.0, 309.0
1126.0, 23.0, 312.0
1127.0, 22.0, 307.0
1128.0, 20.0, 309.0
1129.0, 23.0, 309.0
1130.0, 16.0, 306.0
1130.0, 16.0, 306.0
1131.0, 21.0, 310.0
1132.0, 14.0, 309.0
1133.0, 12.0, 314.0
1134.0, 13.0, 315.0
1135.0, 17.0, 309.0
1135.0, 17.0, 309.0
1136.0, 21.0, 307.0
1137.0, 18.0, 301.0
1138.0, 20.0, 298.0
1139.0, 21.0, 299.0
1140.0, 20.0, 300.0
1140.0, 20.0, 300.0
1141.0, 18.0, 300.0
1142.0, 10.0, 299.0
1143.0, 14.0, 300.0
1144.0, 17.0, 300.0
1145.0, 17.0, 300.0
1145.0, 16.0, 293.0
1146.0, 17.0, 295.0
1147.0, 19.0, 295.0
1148.0, 24.0, 292.0
1149.0, 28.0, 292.0
1150.0, 23.0, 287.0
1150.0, 23.0, 287.0
1151.0, 20.0, 285.0
1152.0, 19.0, 285.0
1153.0, 18.0, 286.0
1154.0, 23.0, 292.0
1155.0, 21.0, 291.0
1155.0, 21.0, 291.0
1156.0, 21.0, 301.0
1157.0, 22.0, 303.0
1158.0, 17.0, 305.0
1159.0, 21.0, 309.0
1160.0, 9.0, 307.0
1160.0, 9.0, 307.0
1161.0, 14.0, 313.0
1162.0, 21.0, 315.0
1163.0, 20.0, 318.0
1164.0, 16.0, 320.0
1165.0, 14.0, 324.0
1165.0, 14.0, 324.0
1166.0, 13.0, 327.0
1167.0, 11.0, 321.0
1168.0, 13.0, 317.0
1169.0, 12.0, 314.0
1170.0, 15.0, 314.0
1170.0, 15.0, 314.0
1171.0, 18.0, 321.0
1172.0, 16.0, 315.0
1173.0, 24.0, 306.0
1174.0, 24.0, 306.0
1175.0, 22.0, 302.0
1175.0, 22.0, 302.0
1176.0, 19.0, 306.0
1177.0, 17.0, 306.0
1178.0, 16.0, 304.0
1179.0, 17.0, 300.0
1180.0, 17.0, 300.0
1180.0, 16.0, 297.0
1181.0, 11.0, 302.0
1182.0, 16.0, 307.0
1183.0, 15.0, 305.0
1184.0, 20.0, 302.0
1185.0, 16.0, 302.0
1185.0, 16.0, 302.0
1186.0, 16.0, 308.0
1187.0, 20.0, 306.0
1188.0, 23.0, 302.0
1189.0, 21.0, 298.0
1190.0, 18.0, 296.0
1190.0, 18.0, 296.0
1191.0, 24.0, 294.0
1192.0, 23.0, 292.0
1193.0, 24.0, 293.0
1194.0, 19.0, 286.0
1195.0, 20.0, 282.0
1195.0, 20.0, 282.0
1196.0, 24.0, 282.0
1197.0, 25.0, 279.0
1198.0, 25.0, 280.0
1199.0, 23.0, 277.0
1200.0, 20.0, 283.0
1200.0, 20.0, 283.0
1201.0, 31.0, 287.0
1202.0, 28.0, 292.0
1203.0, 20.0, 292.0
1204.0, 26.0, 287.0
1205.0, 26.0, 287.0
1205.0, 20.0, 288.0
1206.0, 20.0, 289.0
1207.0, 19.0, 292.0
1208.0, 18.0, 292.0
1209.0, 19.0, 292.0
1210.0, 17.0, 293.0
1210.0, 17.0, 293.0
1211.0, 17.0, 294.0
1212.0, 16.0, 293.0
1213.0, 21.0, 300.0
1214.0, 21.0, 302.0
1215.0, 12.0, 301.0
1215.0, 12.0, 301.0
1216.0, 13.0, 307.0
1217.0, 17.0, 302.0
1218.0, 16.0, 301.0
1219.0, 21.0, 304.0
1220.0, 27.0, 298.0
1220.0, 27.0, 298.0
1221.0, 27.0, 295.0
1222.0, 21.0, 289.0
1223.0, 19.0, 291.0
1224.0, 26.0, 293.0
1225.0, 20.0, 292.0
1225.0, 20.0, 292.0
1226.0, 14.0, 296.0
1227.0, 12.0, 298.0
1228.0, 17.0, 296.0
1229.0, 24.0, 295.0
1230.0, 23.0, 295.0
1230.0, 23.0, 295.0
1231.0, 18.0, 296.0
1232.0, 22.0, 300.0
1233.0, 21.0, 301.0
1234.0, 16.0, 300.0
1235.0, 18.0, 302.0
1235.0, 18.0, 302.0
1236.0, 19.0, 303.0
1237.0, 19.0, 304.0
1238.0, 17.0, 300.0
1239.0, 19.0, 300.0
1240.0, 19.0, 300.0
1240.0, 24.0, 295.0
1241.0, 17.0, 299.0
1242.0, 18.0, 304.0
1243.0, 18.0, 305.0
1244.0, 14.0, 304.0
1245.0, 14.0, 304.0
1245.0, 17.0, 304.0
1246.0, 17.0, 308.0
1247.0, 15.0, 309.0
1248.0, 16.0, 308.0
1249.0, 18.0, 303.0
1250.0, 18.0, 303.0
1250.0, 17.0, 301.0
1251.0, 21.0, 302.0
1252.0, 20.0, 295.0
1253.0, 23.0, 293.0
1254.0, 19.0, 296.0
1255.0, 14.0, 302.0
1255.0, 14.0, 302.0
1256.0, 17.0, 300.0
1257.0, 17.0, 299.0
1258.0, 18.0, 302.0
1259.0, 19.0, 302.0
1260.0, 19.0, 302.0
1260.0, 20.0, 303.0
1261.0, 23.0, 308.0
1262.0, 26.0, 310.0
1263.0, 21.0, 309.0
1264.0, 20.0, 308.0
1265.0, 20.0, 308.0
1265.0, 16.0, 309.0
1266.0, 15.0, 310.0
1267.0, 12.0, 307.0
1268.0, 21.0, 311.0
1269.0, 18.0, 307.0
1270.0, 18.0, 307.0
1270.0, 13.0, 308.0
1271.0, 12.0, 307.0
1272.0, 15.0, 307.0
1273.0, 17.0, 306.0
1274.0, 19.0, 309.0
1275.0, 19.0, 309.0
1275.0, 20.0, 300.0
1276.0, 20.0, 298.0
1277.0, 15.0, 298.0
1278.0, 14.0, 298.0
1279.0, 16.0, 293.0
1280.0, 28.0, 300.0
1280.0, 28.0, 300.0
1281.0, 27.0, 302.0
1282.0, 16.0, 296.0
1283.0, 20.0, 295.0
1284.0, 18.0, 295.0
1285.0, 15.0, 294.0
1285.0, 15.0, 294.0
1286.0, 16.0, 291.0
1287.0, 22.0, 292.0
1288.0, 27.0, 295.0
1289.0, 26.0, 297.0
1290.0, 26.0, 297.0
1290.0, 20.0, 297.0
1291.0, 22.0, 298.0
1292.0, 23.0, 298.0
1293.0, 25.0, 301.0
1294.0, 24.0, 299.0
1295.0, 22.0, 301.0
1295.0, 22.0, 301.0
1296.0, 25.0, 299.0
1297.0, 20.0, 298.0
1298.0, 19.0, 298.0
1299.0, 18.0, 299.0
1300.0, 16.0, 300.0
1300.0, 16.0, 300.0
1301.0, 21.0, 302.0
1302.0, 20.0, 304.0
1303.0, 16.0, 307.0
1304.0, 15.0, 306.0
1305.0, 15.0, 306.0
1305.0, 18.0, 309.0
1306.0, 21.0, 307.0
1307.0, 22.0, 305.0
1308.0, 23.0, 300.0
1309.0, 19.0, 300.0
1310.0, 16.0, 305.0
1310.0, 16.0, 305.0
1311.0, 21.0, 308.0
1312.0, 18.0, 302.0
1313.0, 14.0, 299.0
1314.0, 26.0, 301.0
1315.0, 26.0, 301.0
1315.0, 22.0, 300.0
1316.0, 17.0, 308.0
1317.0, 16.0, 310.0
1318.0, 17.0, 307.0
1319.0, 16.0, 307.0
1320.0, 13.0, 299.0
1320.0, 13.0, 299.0
1321.0, 15.0, 300.0
1322.0, 19.0, 301.0
1323.0, 19.0, 302.0
1324.0, 15.0, 302.0
1325.0, 23.0, 299.0
1325.0, 23.0, 299.0
1326.0, 27.0, 295.0
1327.0, 29.0, 295.0
1328.0, 21.0, 292.0
1329.0, 20.0, 295.0
1330.0, 20.0, 295.0
1330.0, 21.0, 294.0
1331.0, 26.0, 303.0
1332.0, 20.0, 297.0
1333.0, 15.0, 294.0
1334.0, 20.0, 288.0
1335.0, 20.0, 288.0
1335.0, 21.0, 287.0
1336.0, 26.0, 288.0
1337.0, 28.0, 287.0
1338.0, 19.0, 286.0
1339.0, 19.0, 288.0
1340.0, 17.0, 290.0
1340.0, 17.0, 290.0
1341.0, 19.0, 289.0
1342.0, 24.0, 288.0
1343.0, 22.0, 292.0
1344.0, 19.0, 295.0
1345.0, 18.0, 304.0
1345.0, 18.0, 304.0
1346.0, 20.0, 303.0
1347.0, 14.0, 302.0
1348.0, 22.0, 303.0
1349.0, 14.0, 300.0
1350.0, 14.0, 300.0
1350.0, 13.0, 297.0
1351.0, 19.0, 293.0
1352.0, 17.0, 293.0
1353.0, 22.0, 291.0
1354.0, 26.0, 287.0
1355.0, 26.0, 287.0
1355.0, 29.0, 286.0
1356.0, 27.0, 289.0
1357.0, 27.0, 290.0
1358.0, 21.0, 294.0
1359.0, 28.0, 291.0
1360.0, 25.0, 291.0
1360.0, 25.0, 291.0
1361.0, 23.0, 302.0
1362.0, 23.0, 296.0
1363.0, 23.0, 297.0
1364.0, 20.0, 298.0
1365.0, 20.0, 298.0
1365.0, 22.0, 299.0
1366.0, 17.0, 303.0
1367.0, 18.0, 301.0
1368.0, 18.0, 303.0
1369.0, 23.0, 306.0
1370.0, 22.0, 307.0
1370.0, 22.0, 307.0
1371.0, 16.0, 307.0
1372.0, 18.0, 308.0
1373.0, 14.0, 312.0
1374.0, 16.0, 309.0
1375.0, 16.0, 309.0
1375.0, 14.0, 312.0
1376.0, 25.0, 318.0
1377.0, 22.0, 319.0
1378.0, 22.0, 319.0
1379.0, 14.0, 311.0
1380.0, 16.0, 312.0
1380.0, 16.0, 312.0
1381.0, 14.0, 307.0
1382.0, 17.0, 305.0
1383.0, 13.0, 306.0
1384.0, 14.0, 305.0
1385.0, 14.0, 305.0
1385.0, 18.0, 302.0
1386.0, 11.0, 300.0
1387.0, 17.0, 296.0
1388.0, 18.0, 293.0
1389.0, 22.0, 297.0
1390.0, 26.0, 299.0
1390.0, 26.0, 299.0
1391.0, 21.0, 301.0
1392.0, 21.0, 297.0
1393.0, 25.0, 298.0
1394.0, 19.0, 298.0
1395.0, 20.0, 300.0
1395.0, 20.0, 300.0
1396.0, 21.0, 296.0
1397.0, 17.0, 292.0
1398.0, 21.0, 295.0
1399.0, 21.0, 294.0
1400.0, 27.0, 292.0
1400.0, 27.0, 292.0
1401.0, 26.0, 296.0
1402.0, 21.0, 296.0
1403.0, 16.0, 301.0
1404.0, 21.0, 307.0
1405.0, 21.0, 307.0
1405.0, 21.0, 302.0
1406.0, 23.0, 300.0
1407.0, 27.0, 300.0
1408.0, 22.0, 302.0
1409.0, 16.0, 305.0
1410.0, 18.0, 311.0
1410.0, 18.0, 311.0
1411.0, 21.0, 308.0
1412.0, 17.0, 313.0
1413.0, 21.0, 311.0
1414.0, 18.0, 311.0
1415.0, 18.0, 311.0
1415.0, 15.0, 307.0
1416.0, 21.0, 306.0
1417.0, 23.0, 303.0
1418.0, 17.0, 303.0
1419.0, 20.0, 306.0
1420.0, 20.0, 306.0
1420.0, 20.0, 306.0
1421.0, 15.0, 307.0
1422.0, 13.0, 305.0
1423.0, 22.0, 303.0
1424.0, 20.0, 298.0
1425.0, 21.0, 299.0
1425.0, 21.0, 299.0
1426.0, 21.0, 296.0
1427.0, 18.0, 297.0
1428.0, 15.0, 291.0
1429.0, 21.0, 289.0
1430.0, 12.0, 288.0
1430.0, 12.0, 288.0
1431.0, 14.0, 293.0
1432.0, 18.0, 297.0
1433.0, 20.0, 296.0
1434.0, 20.0, 298.0
1435.0, 20.0, 298.0
1435.0, 21.0, 299.0
1436.0, 23.0, 303.0
1437.0, 21.0, 301.0
1438.0, 22.0, 303.0
1439.0, 20.0, 304.0
1440.0, 20.0, 304.0
1440.0, 17.0, 301.0
1441.0, 20.0, 303.0
1442.0, 16.0, 296.0
1443.0, 14.0, 292.0
1444.0, 19.0, 294.0
1445.0, 24.0, 294.0
1445.0, 24.0, 294.0
1446.0, 14.0, 298.0
1447.0, 12.0, 299.0
1448.0, 16.0, 300.0
1449.0, 13.0, 301.0
1450.0, 19.0, 298.0
1450.0, 19.0, 298.0
1451.0, 18.0, 300.0
1452.0, 17.0, 301.0
1453.0, 13.0, 304.0
1454.0, 17.0, 304.0
1455.0, 14.0, 306.0
1455.0, 14.0, 306.0
1456.0, 13.0, 306.0
1457.0, 15.0, 308.0
1458.0, 17.0, 309.0
1459.0, 19.0, 307.0
1460.0, 15.0, 303.0
1460.0, 15.0, 303.0
1461.0, 16.0, 300.0
1462.0, 16.0, 304.0
1463.0, 13.0, 300.0
1464.0, 18.0, 301.0
1465.0, 20.0, 300.0
1465.0, 20.0, 300.0
1466.0, 17.0, 300.0
1467.0, 22.0, 297.0
1468.0, 24.0, 294.0
1469.0, 19.0, 300.0
1470.0, 20.0, 305.0
1470.0, 20.0, 305.0
1471.0, 17.0, 302.0
1472.0, 11.0, 304.0
1473.0, 11.0, 304.0
1474.0, 15.0, 302.0
1475.0, 15.0, 302.0
1475.0, 15.0, 306.0
1476.0, 14.0, 303.0
1477.0, 19.0, 299.0
1478.0, 20.0, 300.0
1479.0, 13.0, 302.0
1480.0, 15.0, 302.0
1480.0, 15.0, 302.0
1481.0, 21.0, 303.0
1482.0, 17.0, 307.0
1483.0, 14.0, 309.0
1484.0, 16.0, 307.0
1485.0, 16.0, 307.0
1485.0, 16.0, 313.0
1486.0, 17.0, 313.0
1487.0, 12.0, 311.0
1488.0, 17.0, 305.0
1489.0, 14.0, 310.0
1490.0, 14.0, 310.0
1490.0, 14.0, 308.0
1491.0, 19.0, 310.0
1492.0, 18.0, 307.0
1493.0, 19.0, 305.0
1494.0, 21.0, 306.0
1495.0, 17.0, 304.0
1495.0, 17.0, 304.0
1496.0, 18.0, 302.0
1497.0, 17.0, 306.0
1498.0, 21.0, 303.0
1499.0, 18.0, 299.0
1500.0, 18.0, 299.0
1500.0, 14.0, 304.0
1501.0, 13.0, 302.0
1502.0, 19.0, 300.0
1503.0, 19.0, 302.0
1504.0, 23.0, 303.0
1505.0, 16.0, 304.0
1505.0, 16.0, 304.0
1506.0, 14.0, 302.0
1507.0, 15.0, 301.0
1508.0, 20.0, 299.0
1509.0, 21.0, 293.0
1510.0, 18.0, 297.0
1510.0, 18.0, 297.0
1511.0, 11.0, 303.0
1512.0, 12.0, 305.0
1513.0, 12.0, 306.0
1514.0, 15.0, 301.0
1515.0, 15.0, 301.0
1515.0, 13.0, 303.0
1516.0, 16.0, 305.0
1517.0, 18.0, 301.0
1518.0, 20.0, 303.0
1519.0, 19.0, 302.0
1520.0, 19.0, 302.0
1520.0, 18.0, 298.0
1521.0, 18.0, 299.0
1522.0, 25.0, 302.0
1523.0, 23.0, 298.0
1524.0, 26.0, 292.0
1525.0, 26.0, 292.0
1525.0, 26.0, 297.0
1526.0, 26.0, 298.0
1527.0, 20.0, 297.0
1528.0, 21.0, 297.0
1529.0, 22.0, 295.0
1530.0, 21.0, 286.0
1530.0, 21.0, 286.0
1531.0, 23.0, 293.0
1532.0, 26.0, 295.0
1533.0, 27.0, 296.0
1534.0, 22.0, 300.0
1535.0, 15.0, 300.0
1535.0, 15.0, 300.0
1536.0, 16.0, 300.0
1537.0, 20.0, 304.0
1538.0, 22.0, 303.0
1539.0, 23.0, 308.0
1540.0, 17.0, 310.0
1540.0, 17.0, 310.0
1541.0, 10.0, 318.0
1542.0, 15.0, 315.0
1543.0, 16.0, 315.0
1544.0, 17.0, 310.0
1545.0, 17.0, 310.0
1545.0, 21.0, 307.0
1546.0, 27.0, 304.0
1547.0, 21.0, 304.0
1548.0, 18.0, 302.0
1549.0, 19.0, 302.0
1550.0, 16.0, 304.0
1550.0, 16.0, 304.0
1551.0, 19.0, 300.0
1552.0, 18.0, 300.0
1553.0, 19.0, 300.0
1554.0, 24.0, 302.0
1555.0, 24.0, 302.0
1555.0, 21.0, 297.0
1556.0, 21.0, 294.0
1557.0, 23.0, 291.0
1558.0, 15.0, 290.0
1559.0, 17.0, 296.0
1560.0, 19.0, 293.0
1560.0, 19.0, 293.0
1561.0, 20.0, 296.0
1562.0, 21.0, 297.0
1563.0, 17.0, 298.0
1564.0, 23.0, 297.0
1565.0, 23.0, 297.0
1565.0, 23.0, 295.0
1566.0, 20.0, 302.0
1567.0, 21.0, 304.0
1568.0, 20.0, 301.0
1569.0, 20.0, 296.0
1570.0, 28.0, 294.0
1570.0, 28.0, 294.0
1571.0, 24.0, 294.0
1572.0, 26.0, 293.0
1573.0, 23.0, 295.0
1574.0, 15.0, 302.0
1575.0, 15.0, 302.0
1575.0, 17.0, 302.0
1576.0, 23.0, 300.0
1577.0, 19.0, 297.0
1578.0, 20.0, 296.0
1579.0, 24.0, 295.0
1580.0, 20.0, 300.0
1580.0, 20.0, 300.0
1581.0, 16.0, 296.0
1582.0, 21.0, 293.0
1583.0, 15.0, 291.0
1584.0, 19.0, 296.0
1585.0, 19.0, 296.0
1585.0, 24.0, 298.0
1586.0, 25.0, 300.0
1587.0, 22.0, 302.0
1588.0, 22.0, 304.0
1589.0, 19.0, 298.0
1590.0, 23.0, 298.0
1590.0, 23.0, 298.0
1591.0, 25.0, 300.0
1592.0, 22.0, 293.0
1593.0, 24.0, 290.0
1594.0, 26.0, 289.0
1595.0, 26.0, 289.0
1595.0, 31.0, 294.0
1596.0, 16.0, 297.0
1597.0, 21.0, 292.0
1598.0, 21.0, 290.0
1599.0, 24.0, 294.0
1600.0, 24.0, 294.0
1600.0, 25.0, 292.0
1601.0, 24.0, 297.0
1602.0, 18.0, 291.0
1603.0, 20.0, 295.0
1604.0, 21.0, 300.0
1605.0, 21.0, 300.0
1605.0, 25.0, 296.0
1606.0, 21.0, 294.0
1607.0, 19.0, 296.0
1608.0, 24.0, 298.0
1609.0, 20.0, 297.0
1610.0, 17.0, 294.0
1610.0, 17.0, 294.0
1611.0, 23.0, 294.0
1612.0, 22.0, 289.0
1613.0, 16.0, 291.0
1614.0, 21.0, 292.0
1615.0, 18.0, 290.0
1615.0, 18.0, 290.0
1616.0, 17.0, 295.0
1617.0, 21.0, 300.0
1618.0, 17.0, 300.0
1619.0, 21.0, 297.0
1620.0, 24.0, 296.0
1620.0, 24.0, 296.0
1621.0, 24.0, 291.0
1622.0, 26.0, 292.0
1623.0, 26.0, 288.0
1624.0, 22.0, 292.0
1625.0, 22.0, 292.0
1625.0, 23.0, 292.0
1626.0, 23.0, 296.0
1627.0, 19.0, 298.0
1628.0, 17.0, 303.0
1629.0, 11.0, 302.0
1630.0, 20.0, 299.0
1630.0, 20.0, 299.0
1631.0, 19.0, 308.0
1632.0, 17.0, 307.0
1633.0, 13.0, 302.0
1634.0, 17.0, 303.0
1635.0, 13.0, 301.0
1635.0, 13.0, 301.0
1636.0, 15.0, 302.0
1637.0, 24.0, 296.0
1638.0, 23.0, 295.0
1639.0, 20.0, 296.0
1640.0, 20.0, 296.0
1640.0, 14.0, 299.0
1641.0, 14.0, 298.0
1642.0, 15.0, 299.0
1643.0, 17.0, 304.0
1644.0, 14.0, 309.0
1645.0, 14.0, 313.0
1645.0, 14.0, 313.0
1646.0, 10.0, 315.0
1647.0, 11.0, 317.0
1648.0, 16.0, 313.0
1649.0, 18.0, 315.0
1650.0, 19.0, 312.0
1650.0, 19.0, 312.0
1651.0, 23.0, 310.0
1652.0, 20.0, 312.0
1653.0, 21.0, 307.0
1654.0, 20.0, 306.0
1655.0, 15.0, 308.0
1655.0, 15.0, 308.0
1656.0, 16.0, 316.0
1657.0, 11.0, 317.0
1658.0, 20.0, 311.0
1659.0, 21.0, 309.0
1660.0, 25.0, 313.0
1660.0, 25.0, 313.0
1661.0, 20.0, 307.0
1662.0, 15.0, 304.0
1663.0, 13.0, 301.0
1664.0, 14.0, 304.0
1665.0, 9.0, 305.0
1665.0, 9.0, 305.0
1666.0, 10.0, 307.0
1667.0, 10.0, 306.0
1668.0, 24.0, 306.0
1669.0, 15.0, 306.0
1670.0, 14.0, 306.0
1670.0, 14.0, 306.0
1671.0, 19.0, 302.0
1672.0, 24.0, 297.0
1673.0, 15.0, 294.0
1674.0, 13.0, 300.0
1675.0, 13.0, 300.0
1675.0, 15.0, 302.0
1676.0, 16.0, 305.0
1677.0, 16.0, 307.0
1678.0, 17.0, 301.0
1679.0, 19.0, 299.0
1680.0, 19.0, 299.0
1680.0, 22.0, 291.0
1681.0, 24.0, 290.0
1682.0, 28.0, 286.0
1683.0, 26.0, 283.0
1684.0, 35.0, 288.0
1685.0, 38.0, 287.0
1685.0, 38.0, 287.0
1686.0, 37.0, 290.0
1687.0, 28.0, 289.0
1688.0, 23.0, 294.0
1689.0, 21.0, 301.0
1690.0, 21.0, 306.0
1690.0, 21.0, 306.0
1691.0, 16.0, 294.0
1692.0, 16.0, 297.0
1693.0, 14.0, 308.0
1694.0, 13.0, 307.0
1695.0, 13.0, 310.0
1695.0, 13.0, 310.0
1696.0, 15.0, 311.0
1697.0, 17.0, 317.0
1698.0, 15.0, 315.0
1699.0, 14.0, 308.0
1700.0, 14.0, 306.0
1700.0, 14.0, 306.0
1701.0, 19.0, 301.0
1702.0, 22.0, 301.0
1703.0, 26.0, 302.0
1704.0, 24.0, 298.0
1705.0, 19.0, 308.0
1705.0, 19.0, 308.0
1706.0, 17.0, 304.0
1707.0, 14.0, 304.0
1708.0, 19.0, 306.0
1709.0, 17.0, 306.0
1710.0, 17.0, 306.0
1710.0, 18.0, 307.0
1711.0, 21.0, 304.0
1712.0, 18.0, 298.0
1713.0, 17.0, 301.0
1714.0, 18.0, 297.0
1715.0, 20.0, 299.0
1715.0, 20.0, 299.0
1716.0, 15.0, 299.0
1717.0, 23.0, 299.0
1718.0, 18.0, 297.0
1719.0, 16.0, 304.0
1720.0, 16.0, 304.0
1720.0, 11.0, 295.0
1721.0, 17.0, 299.0
1722.0, 16.0, 303.0
1723.0, 17.0, 306.0
1724.0, 17.0, 306.0
1725.0, 17.0, 306.0
1725.0, 19.0, 303.0
1726.0, 21.0, 301.0
1727.0, 16.0, 298.0
1728.0, 22.0, 297.0
1729.0, 27.0, 298.0
1730.0, 27.0, 298.0
1730.0, 26.0, 296.0
1731.0, 25.0, 295.0
1732.0, 22.0, 294.0
1733.0, 22.0, 294.0
1734.0, 20.0, 298.0
1735.0, 20.0, 298.0
1735.0, 16.0, 302.0
1736.0, 20.0, 299.0
1737.0, 18.0, 304.0
1738.0, 20.0, 305.0
1739.0, 19.0, 303.0
1740.0, 19.0, 303.0
1740.0, 18.0, 306.0
1741.0, 18.0, 306.0
1742.0, 20.0, 306.0
1743.0, 15.0, 314.0
1744.0, 16.0, 308.0
1745.0, 16.0, 308.0
1745.0, 19.0, 306.0
1746.0, 21.0, 308.0
1747.0, 17.0, 310.0
1748.0, 17.0, 310.0
1749.0, 14.0, 307.0
1750.0, 18.0, 312.0
1750.0, 18.0, 312.0
1751.0, 19.0, 306.0
1752.0, 21.0, 302.0
1753.0, 19.0, 303.0
1754.0, 19.0, 299.0
1755.0, 19.0, 299.0
1755.0, 19.0, 300.0
1756.0, 20.0, 303.0
1757.0, 23.0, 298.0
1758.0, 21.0, 294.0
1759.0, 30.0, 293.0
1760.0, 30.0, 293.0
1760.0, 28.0, 291.0
1761.0, 22.0, 291.0
1762.0, 21.0, 295.0
1763.0, 17.0, 300.0
1764.0, 16.0, 304.0
1765.0, 21.0, 300.0
1765.0, 21.0, 300.0
1766.0, 20.0, 296.0
1767.0, 21.0, 302.0
1768.0, 16.0, 306.0
1769.0, 18.0, 309.0
1770.0, 15.0, 313.0
1770.0, 15.0, 313.0
1771.0, 17.0, 311.0
1772.0, 15.0, 308.0
1773.0, 17.0, 308.0
1774.0, 17.0, 310.0
1775.0, 17.0, 306.0
1775.0, 17.0, 306.0
1776.0, 16.0, 303.0
1777.0, 16.0, 307.0
1778.0, 11.0, 313.0
1779.0, 12.0, 306.0
1780.0, 12.0, 306.0
1780.0, 16.0, 308.0
1781.0, 12.0, 305.0
1782.0, 14.0, 304.0
1783.0, 15.0, 302.0
1784.0, 18.0, 301.0
1785.0, 17.0, 304.0
1785.0, 17.0, 304.0
1786.0, 14.0, 306.0
1787.0, 17.0, 304.0
1788.0, 15.0, 299.0
1789.0, 22.0, 301.0
1790.0, 23.0, 298.0
1790.0, 23.0, 298.0
1791.0, 18.0, 295.0
1792.0, 17.0, 294.0
1793.0, 24.0, 295.0
1794.0, 17.0, 295.0
1795.0, 17.0, 295.0
1795.0, 25.0, 299.0
1796.0, 20.0, 295.0
1797.0, 23.0, 299.0
1798.0, 17.0, 302.0
1799.0, 22.0, 301.0
1800.0, 22.0, 301.0
1800.0, 24.0, 306.0
1801.0, 24.0, 300.0
1802.0, 21.0, 300.0
1803.0, 21.0, 301.0
1804.0, 18.0, 302.0
1805.0, 18.0, 302.0
1805.0, 17.0, 302.0
1806.0, 15.0, 303.0
1807.0, 20.0, 301.0
1808.0, 22.0, 296.0
1809.0, 22.0, 293.0
1810.0, 22.0, 290.0
1810.0, 22.0, 290.0
1811.0, 21.0, 290.0
1812.0, 23.0, 298.0
1813.0, 26.0, 303.0
1814.0, 19.0, 306.0
1815.0, 15.0, 314.0
1815.0, 15.0, 314.0
1816.0, 15.0, 317.0
1817.0, 15.0, 316.0
1818.0, 16.0, 313.0
1819.0, 16.0, 317.0
1820.0, 13.0, 313.0
1820.0, 13.0, 313.0
1821.0, 14.0, 313.0
1822.0, 20.0, 307.0
1823.0, 15.0, 303.0
1824.0, 18.0, 306.0
1825.0, 18.0, 305.0
1825.0, 18.0, 305.0
1826.0, 16.0, 308.0
1827.0, 14.0, 308.0
1828.0, 18.0, 305.0
1829.0, 16.0, 303.0
1830.0, 16.0, 303.0
1830.0, 15.0, 304.0
1831.0, 17.0, 302.0
1832.0, 16.0, 300.0
1833.0, 18.0, 299.0
1834.0, 19.0, 296.0
1835.0, 19.0, 296.0
1835.0, 20.0, 296.0
1836.0, 17.0, 293.0
1837.0, 20.0, 294.0
1838.0, 18.0, 291.0
1839.0, 18.0, 291.0
1840.0, 25.0, 287.0
1840.0, 25.0, 287.0
1841.0, 21.0, 291.0
1842.0, 19.0, 295.0
1843.0, 23.0, 300.0
1844.0, 18.0, 295.0
1845.0, 18.0, 295.0
1845.0, 21.0, 296.0
1846.0, 25.0, 293.0
1847.0, 21.0, 286.0
1848.0, 23.0, 284.0
1849.0, 25.0, 283.0
1850.0, 31.0, 284.0
1850.0, 31.0, 284.0
1851.0, 24.0, 282.0
1852.0, 27.0, 289.0
1853.0, 26.0, 290.0
1854.0, 28.0, 295.0
1855.0, 25.0, 291.0
1855.0, 25.0, 291.0
1856.0, 24.0, 292.0
1857.0, 19.0, 292.0
1858.0, 21.0, 295.0
1859.0, 21.0, 292.0
1860.0, 21.0, 292.0
1860.0, 19.0, 292.0
1861.0, 24.0, 294.0
1862.0, 21.0, 292.0
1863.0, 16.0, 295.0
1864.0, 20.0, 298.0
1865.0, 20.0, 298.0
1865.0, 18.0, 295.0
1866.0, 21.0, 292.0
1867.0, 20.0, 290.0
1868.0, 23.0, 290.0
1869.0, 20.0, 291.0
1870.0, 23.0, 292.0
1870.0, 23.0, 292.0
1871.0, 22.0, 296.0
1872.0, 20.0, 299.0
1873.0, 25.0, 295.0
1874.0, 26.0, 291.0
1875.0, 22.0, 295.0
1875.0, 22.0, 295.0
1876.0, 18.0, 299.0
1877.0, 21.0, 302.0
1878.0, 20.0, 302.0
1879.0, 16.0, 302.0
1880.0, 18.0, 305.0
1880.0, 18.0, 305.0
1881.0, 16.0, 302.0
1882.0, 18.0, 302.0
1883.0, 16.0, 300.0
1884.0, 19.0, 299.0
1885.0, 19.0, 299.0
1885.0, 21.0, 301.0
1886.0, 22.0, 307.0
1887.0, 15.0, 308.0
1888.0, 15.0, 311.0
1889.0, 16.0, 314.0
1890.0, 16.0, 314.0
1890.0, 18.0, 315.0
1891.0, 15.0, 314.0
1892.0, 20.0, 317.0
1893.0, 18.0, 313.0
1894.0, 22.0, 316.0
1895.0, 22.0, 316.0
1895.0, 13.0, 309.0
1896.0, 15.0, 311.0
1897.0, 15.0, 307.0
1898.0, 8.0, 303.0
1899.0, 16.0, 302.0
1900.0, 21.0, 305.0
1900.0, 21.0, 305.0
1901.0, 15.0, 302.0
1902.0, 19.0, 305.0
1903.0, 19.0, 301.0
1904.0, 18.0, 303.0
1905.0, 15.0, 305.0
1905.0, 15.0, 305.0
1906.0, 15.0, 302.0
