28 sept. 2020 13:40:49
RngSeed: 1601293247328
BirthTreshold: 20
GrassEnergy: 5.0
GrassGrowthRate: 50
GridSize: 20
NumInitGrass: 100
NumInitRabbits: 30

"tick", "Number of grass tile", "Number of rabbits"
1.0, 142.0, 28.0
2.0, 178.0, 28.0
3.0, 210.0, 31.0
4.0, 243.0, 32.0
5.0, 243.0, 32.0
5.0, 273.0, 33.0
6.0, 296.0, 38.0
7.0, 310.0, 47.0
8.0, 313.0, 56.0
9.0, 306.0, 69.0
10.0, 306.0, 69.0
10.0, 285.0, 85.0
11.0, 250.0, 106.0
12.0, 210.0, 126.0
13.0, 184.0, 149.0
14.0, 148.0, 165.0
15.0, 120.0, 184.0
15.0, 120.0, 184.0
16.0, 95.0, 201.0
17.0, 82.0, 217.0
18.0, 62.0, 225.0
19.0, 44.0, 242.0
20.0, 44.0, 242.0
20.0, 37.0, 250.0
21.0, 33.0, 253.0
22.0, 27.0, 253.0
23.0, 24.0, 255.0
24.0, 32.0, 263.0
25.0, 32.0, 263.0
25.0, 33.0, 260.0
26.0, 31.0, 255.0
27.0, 29.0, 253.0
28.0, 38.0, 251.0
29.0, 34.0, 250.0
30.0, 34.0, 250.0
30.0, 32.0, 249.0
31.0, 38.0, 249.0
32.0, 32.0, 247.0
33.0, 27.0, 248.0
34.0, 34.0, 244.0
35.0, 33.0, 246.0
35.0, 33.0, 246.0
36.0, 32.0, 245.0
37.0, 32.0, 248.0
38.0, 34.0, 249.0
39.0, 42.0, 251.0
40.0, 42.0, 251.0
40.0, 30.0, 248.0
41.0, 33.0, 246.0
42.0, 39.0, 242.0
43.0, 47.0, 239.0
44.0, 40.0, 237.0
45.0, 34.0, 237.0
45.0, 34.0, 237.0
46.0, 40.0, 234.0
47.0, 47.0, 235.0
48.0, 33.0, 236.0
49.0, 31.0, 234.0
50.0, 31.0, 234.0
50.0, 38.0, 233.0
51.0, 39.0, 234.0
52.0, 44.0, 233.0
53.0, 50.0, 235.0
54.0, 46.0, 227.0
55.0, 47.0, 229.0
55.0, 47.0, 229.0
56.0, 44.0, 228.0
57.0, 40.0, 228.0
58.0, 42.0, 225.0
59.0, 48.0, 230.0
60.0, 48.0, 230.0
60.0, 48.0, 230.0
61.0, 46.0, 225.0
62.0, 48.0, 227.0
63.0, 48.0, 224.0
64.0, 48.0, 228.0
65.0, 50.0, 230.0
65.0, 50.0, 230.0
66.0, 38.0, 239.0
67.0, 37.0, 244.0
68.0, 41.0, 242.0
69.0, 46.0, 241.0
70.0, 46.0, 241.0
70.0, 48.0, 242.0
71.0, 46.0, 243.0
72.0, 51.0, 242.0
73.0, 43.0, 241.0
74.0, 40.0, 237.0
75.0, 39.0, 234.0
75.0, 39.0, 234.0
76.0, 45.0, 237.0
77.0, 43.0, 239.0
78.0, 45.0, 239.0
79.0, 46.0, 242.0
80.0, 46.0, 242.0
80.0, 49.0, 241.0
81.0, 48.0, 236.0
82.0, 43.0, 234.0
83.0, 43.0, 230.0
84.0, 42.0, 238.0
85.0, 42.0, 238.0
85.0, 41.0, 238.0
86.0, 47.0, 234.0
87.0, 53.0, 231.0
88.0, 47.0, 229.0
89.0, 48.0, 230.0
90.0, 44.0, 225.0
90.0, 44.0, 225.0
91.0, 40.0, 229.0
92.0, 38.0, 233.0
93.0, 36.0, 231.0
94.0, 45.0, 231.0
95.0, 46.0, 237.0
95.0, 46.0, 237.0
96.0, 45.0, 239.0
97.0, 39.0, 240.0
98.0, 38.0, 239.0
99.0, 37.0, 236.0
100.0, 37.0, 236.0
100.0, 38.0, 238.0
101.0, 41.0, 231.0
102.0, 40.0, 236.0
103.0, 38.0, 238.0
104.0, 38.0, 230.0
105.0, 38.0, 230.0
105.0, 34.0, 225.0
106.0, 40.0, 226.0
107.0, 50.0, 224.0
108.0, 50.0, 223.0
109.0, 47.0, 221.0
110.0, 50.0, 222.0
110.0, 50.0, 222.0
111.0, 47.0, 226.0
112.0, 42.0, 228.0
113.0, 48.0, 231.0
114.0, 44.0, 230.0
115.0, 44.0, 230.0
115.0, 50.0, 228.0
116.0, 45.0, 234.0
117.0, 48.0, 232.0
118.0, 49.0, 231.0
119.0, 52.0, 236.0
120.0, 49.0, 233.0
120.0, 49.0, 233.0
121.0, 51.0, 230.0
122.0, 50.0, 234.0
123.0, 45.0, 234.0
124.0, 45.0, 233.0
125.0, 47.0, 238.0
125.0, 47.0, 238.0
126.0, 47.0, 234.0
127.0, 47.0, 239.0
128.0, 55.0, 236.0
129.0, 53.0, 234.0
130.0, 53.0, 234.0
130.0, 49.0, 232.0
131.0, 46.0, 239.0
132.0, 40.0, 239.0
133.0, 33.0, 239.0
134.0, 35.0, 240.0
135.0, 35.0, 240.0
135.0, 33.0, 235.0
136.0, 38.0, 232.0
137.0, 44.0, 230.0
138.0, 40.0, 232.0
139.0, 43.0, 238.0
140.0, 43.0, 238.0
140.0, 41.0, 239.0
141.0, 36.0, 239.0
142.0, 36.0, 241.0
143.0, 39.0, 239.0
144.0, 39.0, 238.0
145.0, 39.0, 238.0
145.0, 42.0, 236.0
146.0, 50.0, 235.0
147.0, 50.0, 232.0
148.0, 45.0, 231.0
149.0, 59.0, 228.0
150.0, 54.0, 224.0
150.0, 54.0, 224.0
151.0, 45.0, 225.0
152.0, 41.0, 226.0
153.0, 47.0, 233.0
154.0, 47.0, 232.0
155.0, 41.0, 234.0
155.0, 41.0, 234.0
156.0, 35.0, 227.0
157.0, 43.0, 235.0
158.0, 46.0, 232.0
159.0, 44.0, 231.0
160.0, 42.0, 233.0
160.0, 42.0, 233.0
161.0, 42.0, 234.0
162.0, 42.0, 232.0
163.0, 48.0, 233.0
164.0, 42.0, 235.0
165.0, 42.0, 235.0
165.0, 42.0, 235.0
166.0, 44.0, 240.0
167.0, 38.0, 236.0
168.0, 41.0, 241.0
169.0, 43.0, 237.0
170.0, 48.0, 232.0
170.0, 48.0, 232.0
171.0, 42.0, 231.0
172.0, 51.0, 231.0
173.0, 37.0, 234.0
174.0, 40.0, 238.0
175.0, 40.0, 238.0
175.0, 35.0, 234.0
176.0, 33.0, 236.0
177.0, 38.0, 242.0
178.0, 45.0, 244.0
179.0, 45.0, 243.0
180.0, 45.0, 243.0
180.0, 43.0, 237.0
181.0, 46.0, 232.0
182.0, 51.0, 235.0
183.0, 47.0, 236.0
184.0, 41.0, 235.0
185.0, 38.0, 236.0
185.0, 38.0, 236.0
186.0, 38.0, 236.0
187.0, 45.0, 235.0
188.0, 40.0, 235.0
189.0, 42.0, 243.0
190.0, 42.0, 243.0
190.0, 41.0, 245.0
191.0, 38.0, 239.0
192.0, 42.0, 237.0
193.0, 41.0, 235.0
194.0, 42.0, 232.0
195.0, 34.0, 232.0
195.0, 34.0, 232.0
196.0, 42.0, 232.0
197.0, 44.0, 233.0
198.0, 42.0, 232.0
199.0, 49.0, 231.0
200.0, 47.0, 232.0
200.0, 47.0, 232.0
201.0, 42.0, 238.0
202.0, 43.0, 241.0
203.0, 40.0, 240.0
204.0, 40.0, 243.0
205.0, 41.0, 236.0
205.0, 41.0, 236.0
206.0, 46.0, 233.0
207.0, 49.0, 233.0
208.0, 42.0, 232.0
209.0, 48.0, 233.0
210.0, 48.0, 233.0
210.0, 53.0, 234.0
211.0, 48.0, 229.0
212.0, 45.0, 230.0
213.0, 45.0, 231.0
214.0, 47.0, 230.0
215.0, 52.0, 226.0
215.0, 52.0, 226.0
216.0, 54.0, 222.0
217.0, 50.0, 224.0
218.0, 43.0, 227.0
219.0, 46.0, 228.0
220.0, 42.0, 234.0
220.0, 42.0, 234.0
221.0, 42.0, 233.0
222.0, 53.0, 227.0
223.0, 49.0, 226.0
224.0, 39.0, 229.0
225.0, 39.0, 229.0
225.0, 38.0, 227.0
226.0, 39.0, 228.0
227.0, 39.0, 231.0
228.0, 43.0, 235.0
229.0, 40.0, 234.0
230.0, 40.0, 234.0
230.0, 39.0, 233.0
231.0, 41.0, 235.0
232.0, 42.0, 238.0
233.0, 37.0, 236.0
234.0, 39.0, 240.0
235.0, 39.0, 240.0
235.0, 42.0, 237.0
236.0, 31.0, 235.0
237.0, 36.0, 236.0
238.0, 40.0, 240.0
239.0, 38.0, 243.0
240.0, 38.0, 237.0
240.0, 38.0, 237.0
241.0, 35.0, 241.0
242.0, 33.0, 243.0
243.0, 34.0, 241.0
244.0, 41.0, 242.0
245.0, 40.0, 245.0
245.0, 40.0, 245.0
246.0, 42.0, 242.0
247.0, 43.0, 241.0
248.0, 40.0, 242.0
249.0, 39.0, 243.0
250.0, 39.0, 243.0
250.0, 41.0, 247.0
251.0, 42.0, 244.0
252.0, 46.0, 243.0
253.0, 47.0, 245.0
254.0, 41.0, 244.0
255.0, 41.0, 244.0
255.0, 36.0, 242.0
256.0, 35.0, 238.0
257.0, 34.0, 235.0
258.0, 37.0, 229.0
259.0, 37.0, 231.0
260.0, 37.0, 231.0
260.0, 44.0, 231.0
261.0, 43.0, 232.0
262.0, 43.0, 235.0
263.0, 47.0, 236.0
264.0, 48.0, 234.0
265.0, 48.0, 234.0
265.0, 46.0, 231.0
266.0, 44.0, 230.0
267.0, 44.0, 228.0
268.0, 49.0, 230.0
269.0, 45.0, 227.0
270.0, 45.0, 227.0
270.0, 47.0, 231.0
271.0, 46.0, 233.0
272.0, 38.0, 235.0
273.0, 40.0, 233.0
274.0, 42.0, 237.0
275.0, 41.0, 237.0
275.0, 41.0, 237.0
276.0, 41.0, 237.0
277.0, 42.0, 239.0
278.0, 45.0, 238.0
279.0, 50.0, 241.0
280.0, 50.0, 241.0
280.0, 46.0, 242.0
281.0, 41.0, 236.0
282.0, 48.0, 238.0
283.0, 43.0, 241.0
284.0, 46.0, 244.0
285.0, 38.0, 246.0
285.0, 38.0, 246.0
286.0, 40.0, 245.0
287.0, 40.0, 239.0
288.0, 47.0, 240.0
289.0, 46.0, 232.0
290.0, 46.0, 232.0
290.0, 39.0, 231.0
291.0, 43.0, 231.0
292.0, 44.0, 228.0
293.0, 48.0, 230.0
294.0, 55.0, 231.0
295.0, 49.0, 225.0
295.0, 49.0, 225.0
296.0, 43.0, 225.0
297.0, 39.0, 226.0
298.0, 39.0, 227.0
299.0, 44.0, 228.0
300.0, 47.0, 226.0
300.0, 47.0, 226.0
301.0, 54.0, 226.0
302.0, 53.0, 223.0
303.0, 48.0, 224.0
304.0, 48.0, 225.0
305.0, 51.0, 229.0
305.0, 51.0, 229.0
306.0, 44.0, 229.0
307.0, 47.0, 233.0
308.0, 45.0, 233.0
309.0, 45.0, 242.0
310.0, 44.0, 238.0
310.0, 44.0, 238.0
311.0, 42.0, 242.0
312.0, 40.0, 238.0
313.0, 43.0, 235.0
314.0, 39.0, 238.0
315.0, 35.0, 241.0
315.0, 35.0, 241.0
316.0, 43.0, 242.0
317.0, 41.0, 241.0
318.0, 47.0, 236.0
319.0, 52.0, 240.0
320.0, 52.0, 240.0
320.0, 50.0, 237.0
321.0, 52.0, 231.0
322.0, 44.0, 232.0
323.0, 44.0, 231.0
324.0, 47.0, 236.0
325.0, 43.0, 235.0
325.0, 43.0, 235.0
326.0, 41.0, 233.0
327.0, 31.0, 236.0
328.0, 40.0, 235.0
329.0, 44.0, 234.0
330.0, 43.0, 235.0
330.0, 43.0, 235.0
331.0, 40.0, 235.0
332.0, 45.0, 237.0
333.0, 36.0, 234.0
334.0, 34.0, 239.0
335.0, 34.0, 239.0
335.0, 33.0, 242.0
336.0, 41.0, 242.0
337.0, 42.0, 239.0
338.0, 47.0, 232.0
339.0, 40.0, 236.0
340.0, 40.0, 231.0
340.0, 40.0, 231.0
341.0, 49.0, 225.0
342.0, 39.0, 232.0
343.0, 37.0, 230.0
344.0, 41.0, 231.0
345.0, 42.0, 232.0
345.0, 42.0, 232.0
346.0, 40.0, 230.0
347.0, 37.0, 233.0
348.0, 43.0, 230.0
349.0, 42.0, 230.0
350.0, 42.0, 230.0
350.0, 42.0, 237.0
351.0, 40.0, 235.0
352.0, 38.0, 244.0
353.0, 38.0, 242.0
354.0, 42.0, 244.0
355.0, 42.0, 244.0
355.0, 37.0, 246.0
356.0, 33.0, 249.0
357.0, 34.0, 247.0
358.0, 30.0, 245.0
359.0, 38.0, 244.0
360.0, 38.0, 244.0
360.0, 41.0, 240.0
361.0, 49.0, 237.0
362.0, 52.0, 233.0
363.0, 44.0, 231.0
364.0, 49.0, 232.0
365.0, 49.0, 232.0
365.0, 42.0, 237.0
366.0, 41.0, 235.0
367.0, 47.0, 240.0
368.0, 47.0, 244.0
369.0, 48.0, 239.0
370.0, 48.0, 239.0
370.0, 54.0, 236.0
371.0, 53.0, 231.0
372.0, 42.0, 227.0
373.0, 49.0, 230.0
374.0, 49.0, 223.0
375.0, 47.0, 222.0
375.0, 47.0, 222.0
376.0, 53.0, 223.0
377.0, 50.0, 224.0
378.0, 46.0, 225.0
379.0, 48.0, 224.0
380.0, 42.0, 225.0
380.0, 42.0, 225.0
381.0, 50.0, 228.0
382.0, 47.0, 231.0
383.0, 49.0, 232.0
384.0, 46.0, 231.0
385.0, 46.0, 231.0
385.0, 42.0, 231.0
386.0, 44.0, 226.0
387.0, 52.0, 225.0
